File: ../datasets/SR_div.txt
N_vars: 1 N_gens: 100 Pop_size: 500 XP: 0.9 MP: 0.05 TS: 20 MAX_D: 6 MIN_D: 1
[GEN], [BEST_FIT], [WORST_FIT], [AVG_FIT], [% BETTER CHILDREN]
1, 2.68746, 2473333240712.72852, 5265846176.54635, 0.000%
2, 1.86633, 1221662482.55674, 5285788.99184, 29.956%
3, 0.08206, 4542182781187926.00000, 9084368373620.79492, 29.783%
4, 0.08206, 658217635.40447, 3182122.24094, 32.826%
5, 0.08206, 5210170840.28928, 10779379.97055, 30.603%
6, 0.08206, 6752525981.22497, 24300447.70334, 39.009%
7, 0.08206, 13700460.27152, 40867.02004, 46.522%
8, 0.08206, 11980769.31066, 57252.88087, 41.704%
9, 0.08206, 20886012771.19310, 43455178.88497, 45.291%
10, 0.08206, 850577212697.19373, 1741360815.16624, 42.920%
11, 0.08206, 1249954875983.09253, 2500121432.77496, 47.982%
12, 0.08206, 3995862426.83414, 8008391.35906, 50.000%
13, 0.08206, 234643226406.71341, 474775292.01409, 45.992%
14, 0.08206, 36969574.32993, 91822.48351, 45.614%
15, 0.08206, 14632822396.90478, 29423387.85076, 47.964%
16, 0.08206, 27042744.77442, 95389.42110, 45.946%
17, 0.08206, 15792391.47628, 55444.26717, 50.901%
18, 0.08206, 8148920.90227, 34106.89592, 45.815%
19, 0.08206, 5624144836.64303, 12198870.12762, 47.162%
20, 0.08206, 13938062.07198, 38720.59173, 41.048%
21, 0.08206, 3224797094.05230, 6558803.21798, 49.561%
22, 0.08206, 47382072021.76447, 94939556.73353, 42.667%
23, 0.08206, 15544647711.56920, 31248981.23041, 45.045%
24, 0.08206, 172483523.84187, 506120.10342, 42.731%
25, 0.08206, 333630438.44886, 681505.44378, 45.740%
26, 0.08206, 43023353.49405, 89411.42237, 45.455%
27, 0.08206, 3438877097.05599, 6903088.20722, 46.460%
28, 0.08206, 2899347.80707, 8842.63842, 40.529%
29, 0.08206, 36096642.24963, 128096.14533, 41.150%
30, 0.08206, 2464110874.67717, 5096843.17960, 45.815%
31, 0.08206, 4195441.14431, 19443.28302, 48.000%
32, 0.08206, 27829282.27196, 82455.30740, 44.978%
33, 0.08206, 10466823.28557, 43919.09395, 46.119%
34, 0.08206, 3136193.42281, 22808.76621, 47.788%
35, 0.08206, 51099959.21187, 184173.54802, 49.145%
36, 0.08206, 86466681.71745, 307748.21061, 49.115%
37, 0.08206, 675332.47151, 2734.77812, 41.558%
38, 0.08206, 1600720.00504, 8563.24010, 45.778%
39, 0.08206, 442214.34077, 1812.49506, 50.000%
40, 0.08206, 259044154610.47870, 553012222.80157, 45.089%
41, 0.08206, 105224164.01519, 224719.93128, 43.668%
42, 0.08206, 265969313.51400, 541048.48660, 45.740%
43, 0.08206, 319548324.81844, 742023.80555, 45.652%
44, 0.08206, 144026871.68072, 503860.65057, 49.541%
45, 0.08206, 3003809.77443, 22417.53597, 45.614%
46, 0.08206, 338358998713.88354, 695576548.03580, 50.667%
47, 0.08206, 20004682.06553, 49751.01161, 42.857%
48, 0.05511, 6212122.28257, 29098.12443, 46.256%
49, 0.05511, 4524398.61608, 15686.52945, 48.018%
50, 0.05511, 27143080.96555, 98617.76220, 35.202%
51, 0.05511, 5635072327.63215, 11407836.17949, 50.231%
52, 0.05511, 17240925973.77288, 39421051.55117, 50.446%
53, 0.05511, 168539125.03625, 379921.42729, 44.726%
54, 0.05511, 75020980.27024, 180147.02669, 46.429%
55, 0.05511, 19369154934.38521, 38752442.64858, 50.661%
56, 0.05511, 13090602.43116, 31292.39604, 44.643%
57, 0.05511, 132317098562.61391, 274461541.36604, 52.489%
58, 0.05511, 11886339.38239, 29016.77908, 45.495%
59, 0.05511, 89335444.42798, 402155.70956, 49.123%
60, 0.05511, 12522152.61447, 47648.10515, 50.228%
61, 0.05511, 212710971.90212, 519007.19560, 40.000%
62, 0.05511, 6116750932.59078, 12528260.97531, 44.978%
63, 0.05511, 3373411.60485, 9705.33538, 46.429%
64, 0.05511, 19422030.82779, 47721.99608, 49.333%
65, 0.05511, 1837895504.51945, 4565483.82841, 42.342%
66, 0.05511, 177619450.95755, 406179.36505, 46.606%
67, 0.05511, 73367238.43727, 197763.04181, 45.778%
68, 0.05511, 65485871.70563, 189106.87809, 40.455%
69, 0.05511, 177579456266.54388, 355274738.09446, 41.441%
70, 0.05511, 7012330.84112, 18778.42822, 47.788%
71, 0.05511, 123838412.47592, 297194.33893, 50.679%
72, 0.05511, 1204494796.12725, 2549764.56009, 48.214%
73, 0.05511, 2962221.57116, 11697.32958, 44.589%
74, 0.05511, 102413065.91136, 453662.73957, 48.402%
75, 0.05511, 4304953.87771, 11061.08258, 51.131%
76, 0.05511, 42371582.64632, 89154.96339, 46.957%
77, 0.05511, 47840881.43687, 131458.71668, 45.133%
78, 0.05511, 243579648.46745, 872980.80408, 44.444%
79, 0.05511, 387429905.14256, 858350.81196, 46.696%
80, 0.05511, 188546968.81060, 403263.40804, 47.577%
81, 0.05511, 16655745848.16241, 33314940.55129, 46.256%
82, 0.05511, 150168924.83301, 342270.70878, 46.606%
83, 0.05511, 6174441.99141, 32087.98684, 46.429%
84, 0.05511, 12759976.29349, 66827.65437, 46.479%
85, 0.05511, 82432815.24472, 444189.56648, 45.249%
86, 0.05511, 116803119588792848.00000, 233606256289153.09375, 48.673%
87, 0.05511, 316882852.44036, 768499.26020, 33.778%
88, 0.05511, 118503398.35800, 278918.47594, 49.115%
89, 0.05511, 64530083923.84859, 129473313.36584, 48.261%
90, 0.05511, 2297729313.28487, 5378309.27903, 46.606%
91, 0.05511, 178769623.60231, 738869.80472, 49.321%
92, 0.05511, 1162816025.11741, 2480259.96413, 45.622%
93, 0.05511, 37383541.29824, 114684.27232, 48.899%
94, 0.05511, 1930923069.08607, 4157213.60937, 50.218%
95, 0.05511, 294483518.85484, 735475.16662, 48.869%
96, 0.05511, 7536878.37008, 62958.31383, 47.489%
97, 0.05511, 19439024807552.71484, 38891813575.24504, 39.535%
98, 0.05511, 1838712131.89335, 3922915.49537, 42.979%
99, 0.05511, 6285556.17415, 15783.73932, 46.121%
100, 0.05511, 76785837.39423, 195108.34877, 47.321%

Number of variables: 1
Tree:
SUB
L3: |---VAR1
R1: |---MUL
L1: |---|---0.741861299421
R2: |---|---DIV
L3: |---|---|---SUB
L4: |---|---|---|---0.160510254754
R4: |---|---|---|---0.194014578805
R3: |---|---|---VAR1

Fitness: 0.0551060638873
Elapsed time: 67.253396 (s)