File: ../datasets/SR_div.txt
N_vars: 1 N_gens: 100 Pop_size: 500 XP: 0.9 MP: 0.05 TS: 20 MAX_D: 6 MIN_D: 1
[GEN], [BEST_FIT], [WORST_FIT], [AVG_FIT], [% BETTER CHILDREN]
1, 1.92267, 118969817979.54541, 350652534.40525, 0.000%
2, 1.92267, 2929131556737.82666, 5859395458.55625, 31.982%
3, 1.92267, 21942799441.83960, 50880886.13439, 29.091%
4, 0.52531, 10877400969.25267, 21967278.41343, 37.558%
5, 0.52531, 1003076660853.80603, 2006697042.47639, 43.162%
6, 0.52531, 454045729.56905, 1631395.16748, 33.408%
7, 0.52531, 266086775.40941, 623496.70942, 45.652%
8, 0.52531, 2011369.38789, 8710.44071, 47.137%
9, 0.52531, 598106.82029, 2789.52589, 46.053%
10, 0.52531, 152911089.70227, 322467.55899, 43.318%
11, 0.52531, 691622071.40847, 1663643.20291, 50.224%
12, 0.52531, 7815350487.72040, 18470829.45357, 41.284%
13, 0.52531, 177410815.39813, 591787.24937, 43.111%
14, 0.52531, 64465967.45985, 141345.70179, 46.396%
15, 0.52531, 175988012.23186, 400603.42069, 44.091%
16, 0.52531, 17812137.28922, 45796.98500, 46.696%
17, 0.52531, 219849714.93066, 450735.74512, 46.930%
18, 0.51522, 4016302063.00133, 8893998.69004, 37.156%
19, 0.51522, 3965992136.59091, 8389563.81037, 46.522%
20, 0.51522, 5646225218.40473, 17131338.10829, 31.195%
21, 0.51522, 48255035243.13605, 216622866.08848, 44.889%
22, 0.40360, 7980556440.27078, 23817980.49710, 45.374%
23, 0.40360, 64313583.75786, 156996.15030, 41.957%
24, 0.40360, 76048880661.38290, 152185366.12858, 27.169%
25, 0.40360, 42326173.99229, 266801.74664, 45.536%
26, 0.40360, 6582329979.81036, 13856825.80860, 42.793%
27, 0.40360, 13533210737.02353, 41615470.34251, 47.368%
28, 0.40360, 1772055046714.23779, 3544201070.03818, 46.119%
29, 0.40360, 3689650745.48351, 7382280.28603, 46.725%
30, 0.40360, 28180266899.02385, 57715718.38633, 41.441%
31, 0.40360, 3127717981.33763, 6419524.20027, 39.462%
32, 0.40360, 53459533.55682, 132418.28662, 38.318%
33, 0.40360, 169056.07372, 1501.28944, 37.662%
34, 0.02069, 1059242426257.26331, 2118671416.10552, 46.919%
35, 0.02069, 2423933454178.51562, 4854159927.90804, 40.179%
36, 0.02069, 597497506.22557, 1286987.86079, 35.841%
37, 0.02069, 12600408075.79813, 26063732.39932, 38.298%
38, 0.02069, 703724348.40834, 1459006.73550, 47.465%
39, 0.02069, 23476772470.61158, 47790788.65587, 44.340%
40, 0.02069, 681401666.08898, 1677297.63917, 37.387%
41, 0.02069, 2713714940.03646, 5560480.12629, 41.071%
42, 0.02069, 8131914.50178, 41952.84454, 46.903%
43, 0.02069, 18629296.41602, 71981.40852, 40.175%
44, 0.02069, 2753190438.25233, 8119119.62883, 43.056%
45, 0.02069, 21714833.85124, 55223.06648, 45.575%
46, 0.02069, 3703841.87754, 10695.34352, 42.241%
47, 0.02069, 6972034217525.16992, 13946741301.49297, 40.455%
48, 0.02069, 48455008.43365, 130141.16469, 46.930%
49, 0.02069, 36452132.72751, 78631.05584, 42.342%
50, 0.00036, 200674459.90651, 720895.38157, 38.596%
51, 0.00036, 1046818401.83371, 2150584.00202, 47.137%
52, 0.00036, 5354573057.34266, 11681044.70144, 34.868%
53, 0.00036, 2280763451786.92383, 4570776004.51407, 40.509%
54, 0.00036, 1718260169.41732, 3524820.25018, 50.224%
55, 0.00036, 1943797.98549, 9944.42085, 40.343%
56, 0.00036, 8129339177.81261, 16374142.86022, 49.787%
57, 0.00036, 4375120.57292, 19638.12576, 43.556%
58, 0.00036, 1033987746.89391, 3123875.28883, 42.857%
59, 0.00036, 41032538543.98354, 89363556.44657, 35.294%
60, 0.00036, 10178346.98378, 27897.30609, 45.089%
61, 0.00036, 210256297153757.18750, 420513099384.88190, 39.171%
62, 0.00036, 4977650.68060, 16063.06647, 48.684%
63, 0.00036, 213738141967.15771, 428840796.21452, 42.534%
64, 0.00036, 379816.01461, 1731.28654, 38.991%
65, 0.00036, 121338124792.26131, 242682403.03384, 45.000%
66, 0.00036, 157532369481.25653, 414732882.26416, 42.174%
67, 0.00036, 1626126.22624, 5024.41536, 49.545%
68, 0.00036, 2327000951468224.50000, 4654003549679.18164, 44.545%
69, 0.00036, 412942115874.75519, 883190116.99307, 34.468%
70, 0.00036, 93840042.25964, 250644.02038, 42.342%
71, 0.00036, 395745.44681, 3064.14475, 40.090%
72, 0.00036, 17891691530599.19531, 35783713521.62973, 46.330%
73, 0.00036, 10286643.41811, 54945.74811, 46.396%
74, 0.00036, 1022031175.67924, 3577519.60077, 52.564%
75, 0.00036, 1345344800.76544, 4161018.79486, 39.732%
76, 0.00036, 26752305.51621, 154487.87603, 44.344%
77, 0.00036, 22603394324.42415, 98389830.29079, 41.379%
78, 0.00036, 643729929.25207, 1338376.83054, 40.625%
79, 0.00036, 25010745919260.29297, 50461064424.75607, 45.045%
80, 0.00036, 1131956123406828.00000, 2263912286402.77441, 37.946%
81, 0.00036, 15612637418.99721, 34396314.09980, 45.374%
82, 0.00036, 4496970.52829, 12795.35552, 39.394%
83, 0.00036, 946215824.49515, 1923737.32800, 40.708%
84, 0.00036, 1083931715647.24023, 2167872036.18238, 43.836%
85, 0.00036, 5426505022.65944, 11084146.92898, 46.789%
86, 0.00036, 93090826528.53510, 186190346.55762, 43.694%
87, 0.00036, 1853630128094.66431, 3707942075.77667, 47.137%
88, 0.00036, 39767169.25489, 98616.94173, 47.982%
89, 0.00036, 6939417845.12696, 14316774.63847, 42.857%
90, 0.00036, 9958861887.09389, 35100455.01036, 45.852%
91, 0.00036, 1884458667.93086, 3893638.13932, 43.694%
92, 0.00036, 11205661.86878, 31815.81608, 43.439%
93, 0.00036, 11650855.05350, 39536.17161, 47.826%
94, 0.00036, 11996350.69494, 58111.82128, 40.807%
95, 0.00036, 1480179838.61875, 2961867.73305, 40.171%
96, 0.00036, 2390335555.73571, 7212674.70515, 44.105%
97, 0.00036, 100324810.39614, 209000.47510, 43.750%
98, 0.00036, 338350380755.12207, 676793025.12846, 42.667%
99, 0.00036, 35580970.54571, 86970.42194, 47.162%
100, 0.00036, 111881709561.75000, 223774759.53609, 43.439%

Number of variables: 1
Tree:
ADD
L4: |---VAR1
R1: |---DIV
L2: |---|---MUL
L3: |---|---|---0.733342341848
R3: |---|---|---0.261109947173
R2: |---|---DIV
L3: |---|---|---ADD
L4: |---|---|---|---VAR1
R4: |---|---|---|---VAR1
R3: |---|---|---0.261109947173

Fitness: 0.000360377280904
Elapsed time: 82.925752 (s)