File: ../datasets/SR_div.txt
N_vars: 1 N_gens: 100 Pop_size: 500 XP: 0.9 MP: 0.05 TS: 20 MAX_D: 6 MIN_D: 1
[GEN], [BEST_FIT], [WORST_FIT], [AVG_FIT], [% BETTER CHILDREN]
1, 8.08607, 13087241691.70889, 51323923.77705, 0.000%
2, 7.81212, 11589244113.03404, 36467064.06645, 27.851%
3, 7.81212, 823561047.45353, 2175664.11439, 24.651%
4, 7.81027, 22444492356.41319, 45372966.12583, 24.781%
5, 7.81027, 57633378.35139, 229660.13162, 38.128%
6, 7.81027, 903152283.05248, 2469357.86253, 32.883%
7, 7.81027, 84868175265.29076, 173727171.21511, 27.511%
8, 4.98665, 250858398.24485, 529598.37708, 51.991%
9, 4.98665, 59129476893.27573, 119109455.13231, 48.043%
10, 4.98665, 2193778494.43406, 8662046.66690, 39.224%
11, 4.98665, 28767210921.06191, 58304824.14583, 56.652%
12, 4.40901, 10358450582.51476, 31475406.83897, 54.505%
13, 4.40901, 204182048.48205, 414916.19638, 56.027%
14, 4.40901, 221861583.95224, 609020.27029, 43.049%
15, 4.40901, 514189446.81546, 1734474.58681, 39.865%
16, 4.40901, 4035739.37812, 15837.83114, 40.183%
17, 4.40901, 1768372.35477, 7320.72678, 41.667%
18, 4.40901, 326103881.34310, 1294552.21528, 34.842%
19, 4.40901, 53892069774.92101, 127308651.54546, 42.667%
20, 4.40901, 24170677.21239, 59725.76940, 39.823%
21, 4.18447, 558495106.96890, 1138401.96695, 33.184%
22, 4.18447, 67439718964.99175, 135883378.02315, 35.586%
23, 4.18447, 19742738.11092, 80761.95440, 28.414%
24, 4.18447, 5413790163.33921, 15873998.81260, 26.201%
25, 4.18447, 1710840119252.95386, 3422049632.45346, 35.931%
26, 4.18447, 3606853482193.85498, 7213786578.97140, 44.493%
27, 4.18447, 1347306118.95918, 3069881.52684, 36.000%
28, 4.18447, 437183080.37412, 884975.28959, 37.387%
29, 4.18447, 15488531.68254, 45460.81832, 40.455%
30, 4.18447, 34006415.84654, 85589.73863, 36.123%
31, 4.13522, 333612740.67860, 688800.66677, 40.708%
32, 4.13522, 24680995682.32384, 49408975.52950, 36.900%
33, 4.13522, 18761625400.56430, 38589209.67948, 30.889%
34, 4.13522, 1286123722.63584, 4071355.87042, 34.375%
35, 4.13522, 82649569.31169, 275420.37963, 40.000%
36, 4.13522, 574435380.07758, 1154793.93544, 44.495%
37, 4.13522, 2047055.41035, 15900.77366, 39.013%
38, 4.13522, 22261813.25778, 82469.39455, 40.271%
39, 4.13522, 5441010.61456, 27942.95347, 39.056%
40, 4.13522, 836254.65561, 7738.60348, 37.719%
41, 4.13522, 2371533332.13528, 5571979.29742, 33.186%
42, 4.13522, 156596009.95390, 417798.79554, 30.667%
43, 4.13522, 3063318.04576, 10858.54379, 30.531%
44, 4.13522, 177695817.23187, 627866.28650, 37.719%
45, 4.13522, 5261723854.43971, 19753761.27349, 36.937%
46, 4.13522, 76323060.41493, 191803.64770, 43.966%
47, 4.00852, 46688456.62589, 96282.24838, 36.818%
48, 4.00852, 28898183.21968, 171975.71347, 36.910%
49, 3.83333, 524393344.35127, 1071026.97661, 25.566%
50, 3.74357, 16632823776829.01562, 37015091779.68235, 26.484%
51, 3.74357, 296041869.65575, 676410.04239, 25.114%
52, 1.10390, 6697863655.53079, 17898708.46272, 25.546%
53, 1.10390, 386123777802459086848.00000, 772247880131980928.00000, 28.384%
54, 1.10390, 29286628173.37241, 62764539.43020, 24.153%
55, 1.10390, 3527608990926.02441, 7139082342.93758, 34.052%
56, 0.81168, 28343432.93848, 106057.59408, 28.182%
57, 0.81168, 3086594230.32260, 8544642.77819, 28.982%
58, 0.81168, 61129159176.86173, 122469957.44151, 26.018%
59, 0.81168, 5676161895740.48926, 11578301632.29743, 41.739%
60, 0.81168, 9603819097.95168, 23140915.31081, 43.172%
61, 0.81168, 187910067606.53479, 376261559.35233, 47.556%
62, 0.81168, 1479136.41441, 10819.23699, 38.053%
63, 0.81168, 638370.77948, 3226.86345, 47.162%
64, 0.81168, 16276226.26164, 51025.49916, 44.053%
65, 0.81168, 3823716242.27664, 7844888.13468, 47.577%
66, 0.43438, 1562253318.26147, 3147813.53950, 47.598%
67, 0.43438, 2264225374.00946, 6027833.12848, 45.964%
68, 0.43438, 475589577.87707, 1192321.77369, 34.889%
69, 0.43438, 21360424352.68296, 48798067.48232, 51.778%
70, 0.43438, 2993789523.99638, 11787219.30480, 42.478%
71, 0.43438, 178570711.22064, 361989.57450, 44.105%
72, 0.43438, 3479291919.68815, 11409674.90083, 42.731%
73, 0.43438, 6201773596.68569, 13279245.94095, 45.089%
74, 0.43438, 71466482424.69003, 143003791.29394, 42.920%
75, 0.43438, 17343619.65931, 75119.73634, 44.843%
76, 0.43438, 3457124945.93290, 10365561.59848, 51.724%
77, 0.43438, 89782460291.09569, 180667429.85011, 42.793%
78, 0.43438, 3754426403362.44531, 7509105897.43819, 42.661%
79, 0.43438, 9409501922.82245, 18927251.34501, 44.541%
80, 0.43438, 30013147026.50924, 60470412.15197, 45.494%
81, 0.43438, 8542723.93070, 30009.41056, 50.870%
82, 0.43438, 426446833.71221, 863529.83634, 39.130%
83, 0.43438, 7811816.65340, 24398.46645, 44.907%
84, 0.43438, 90495182504.28557, 192913597.02432, 42.920%
85, 0.43438, 27019990.26983, 57573.83735, 43.556%
86, 0.43438, 34898296.31638, 82785.49559, 43.498%
87, 0.43438, 10536877688.71804, 21472805.67411, 51.121%
88, 0.43438, 508433470.20709, 1047158.04659, 41.228%
89, 0.43438, 714278.97834, 4667.41857, 44.828%
90, 0.43438, 1472298.00983, 8740.83544, 48.523%
91, 0.43438, 300692481.37300, 635855.82234, 44.444%
92, 0.43438, 79672117.81335, 497741.05995, 43.721%
93, 0.43438, 23440731.64973, 95297.73075, 48.458%
94, 0.43438, 15001101317.54822, 30014781.76538, 49.339%
95, 0.43438, 488762581.98490, 1967034.28452, 43.103%
96, 0.43438, 327318199.05062, 739648.61485, 46.696%
97, 0.43438, 354938764.85835, 1158494.27474, 41.485%
98, 0.43438, 188018530192.59232, 377042297.10692, 41.629%
99, 0.43438, 19084579.30305, 57175.90999, 46.696%
100, 0.43438, 4452013602.03048, 11961504.58292, 46.847%

Number of variables: 1
Tree:
ADD
L3: |---VAR1
R1: |---DIV
L2: |---|---0.0119294868252
R2: |---|---MUL
L3: |---|---|---0.456394351012
R3: |---|---|---VAR1

Fitness: 0.434378556211
Elapsed time: 75.588262 (s)