File: ../datasets/SR_div.txt
N_vars: 1 N_gens: 100 Pop_size: 500 XP: 0.9 MP: 0.05 TS: 20 MAX_D: 6 MIN_D: 1
[GEN], [BEST_FIT], [WORST_FIT], [AVG_FIT], [% BETTER CHILDREN]
1, 9.40337, 1807760086031.78857, 4015000682.89777, 0.000%
2, 7.88651, 4080418.90981, 22436.47926, 29.032%
3, 2.49483, 131133567.39801, 666037.53475, 26.244%
4, 0.82543, 25909828186.26154, 61880223.08016, 31.360%
5, 0.47491, 554809533421.81946, 1395479798.03910, 25.111%
6, 0.10947, 222610941032.58557, 464768074.27913, 28.509%
7, 0.10947, 73987250083.92027, 153098122.09559, 32.468%
8, 0.10947, 138120377626577328.00000, 276312164544324.93750, 28.982%
9, 0.10947, 395863425956312.56250, 791727955494.67688, 34.978%
10, 0.10947, 1210259642.13344, 3414713.71865, 36.937%
11, 0.10947, 12397009943825.56836, 24800313334.25309, 40.000%
12, 0.10947, 2348985130.99389, 4936421.28114, 37.391%
13, 0.10947, 104529621.38792, 227366.97578, 34.112%
14, 0.05315, 147807862.44540, 376432.09056, 41.964%
15, 0.05315, 29339122.39738, 107173.25564, 39.556%
16, 0.05315, 815434272.47331, 4394666.72716, 27.803%
17, 0.05315, 105567105380.08153, 211411123.69155, 32.589%
18, 0.05315, 613824604.60087, 1270693.60535, 43.860%
19, 0.05315, 250775706.35414, 866776.34677, 39.462%
20, 0.05315, 1224681398.35569, 2477441.26859, 44.344%
21, 0.05315, 33943372736.95485, 67928302.12074, 37.445%
22, 0.05315, 15490159.15344, 39860.43808, 32.735%
23, 0.05315, 196739652.58054, 500068.13775, 37.391%
24, 0.05315, 712435093.65729, 2298430.05672, 38.182%
25, 0.05315, 306957050.56121, 848578.43332, 34.081%
26, 0.05315, 8554508052.73080, 31134082.78121, 35.556%
27, 0.05315, 2383851.66969, 20296.20755, 41.921%
28, 0.05315, 115230499.01380, 277650.74600, 39.556%
29, 0.05315, 160313089.75411, 343292.06297, 30.702%
30, 0.05315, 1696778108192.52197, 5115979448.41575, 37.387%
31, 0.05315, 617038201.74443, 1282378.65593, 39.815%
32, 0.05315, 9693734.24903, 58870.92374, 36.087%
33, 0.05315, 454152.18879, 2841.81196, 41.176%
34, 0.05315, 1853190173.81938, 3720616.27536, 39.462%
35, 0.05315, 303487138.58378, 802075.38945, 39.556%
36, 0.05315, 1135207433.52298, 2284866.72380, 40.948%
37, 0.05315, 98682734.65184, 379001.48064, 38.393%
38, 0.05315, 428264518.02536, 1276545.25329, 40.455%
39, 0.05315, 925227779.87046, 1940736.49405, 35.652%
40, 0.05315, 5774216986.31433, 11562715.20837, 35.398%
41, 0.05315, 1941469899.70908, 6703286.98439, 41.150%
42, 0.05315, 14106350.67673, 34213.86408, 39.367%
43, 0.05315, 189637854216.38092, 379291579.55601, 42.661%
44, 0.05315, 3401054218.58603, 7164552.29848, 40.090%
45, 0.05315, 122120364806.91747, 244914187.73677, 44.298%
46, 0.05315, 1330926355574.35767, 2661859828.70251, 42.130%
47, 0.05315, 2801842.94516, 12153.15888, 38.839%
48, 0.05315, 78572817810.62810, 243928306.78008, 38.496%
49, 0.05315, 42778196.49084, 160648.17540, 36.486%
50, 0.05315, 326607081389.06818, 1062619892.13319, 34.821%
51, 0.01188, 126837945562.89337, 254647784.29910, 38.053%
52, 0.01188, 390259668.61936, 852569.47112, 35.088%
53, 0.01188, 1349306691.69134, 2862477.75097, 29.505%
54, 0.01188, 3338152057181.87402, 7954911782.35262, 44.037%
55, 0.01188, 42738393399.72781, 120749138.40889, 29.412%
56, 0.01188, 1670150616578298624.00000, 3340303220444668.00000, 37.768%
57, 0.01188, 361631898.92772, 989505.34334, 35.193%
58, 0.01188, 2752401274059.71240, 5504827686.25936, 39.189%
59, 0.01188, 9083132.95305, 54976.75004, 39.130%
60, 0.01188, 24615516.78559, 90359.87911, 43.519%
61, 0.01188, 26578683.53183, 143518.93905, 33.333%
62, 0.01188, 13372554868.74526, 29927329.88910, 43.860%
63, 0.01188, 486948088.93182, 1050068.25894, 38.839%
64, 0.01188, 1033847258256.40039, 2265896229.69687, 35.160%
65, 0.01188, 5196300105.30027, 10530676.77872, 44.395%
66, 0.01188, 30849452.83570, 101572.27941, 43.721%
67, 0.01188, 113059861176.03061, 262682741.07063, 34.978%
68, 0.01188, 346821888.36692, 723627.99070, 36.681%
69, 0.01188, 444173886.17057, 983124.46313, 33.482%
70, 0.01188, 367970943.49090, 1026685.90957, 33.624%
71, 0.01188, 1452787.39017, 9244.23836, 36.607%
72, 0.01188, 80385499.51087, 260209.63027, 45.064%
73, 0.01188, 392088530230.61157, 871695436.67471, 35.498%
74, 0.01188, 20198589967637.75391, 40397330650.32158, 38.767%
75, 0.01188, 624717804.08390, 1376290.86878, 41.964%
76, 0.01188, 11308251297.51464, 22977198.48610, 40.090%
77, 0.01188, 2137870.50841, 16491.06552, 43.111%
78, 0.01188, 2533163267465.68652, 5070186629.07612, 39.450%
79, 0.01188, 415436619.48902, 1112776.12019, 38.696%
80, 0.01188, 33074958606.54871, 66763172.22152, 36.957%
81, 0.01188, 93447806.09945, 362465.90765, 35.088%
82, 0.01188, 26807881871.07556, 53639588.30276, 34.348%
83, 0.01188, 272946468.42089, 682059.27813, 38.991%
84, 0.01188, 1107205965.46060, 2299317.08007, 33.043%
85, 0.01188, 988130200.15775, 2504594.48618, 37.662%
86, 0.01188, 19917076.72306, 48888.28130, 37.991%
87, 0.01188, 1704059203272.10669, 3408559716.24923, 33.032%
88, 0.01188, 2828940.59932, 7514.99426, 39.367%
89, 0.01188, 33587923.04810, 158744.65624, 36.364%
90, 0.01188, 158098915.43210, 354397.28398, 41.485%
91, 0.01188, 443810788.75974, 906011.45931, 38.767%
92, 0.01188, 42100399810.04320, 144035287.10101, 36.073%
93, 0.01188, 423754044.81705, 977836.41062, 40.541%
94, 0.01188, 92079864288.68246, 184175950.85710, 39.908%
95, 0.01188, 2174743.58764, 17564.99675, 39.013%
96, 0.01188, 9061989.93950, 22253.34401, 35.426%
97, 0.01188, 242129642.82247, 1018241.70130, 38.009%
98, 0.01188, 4063813557.54617, 10412181.29427, 50.220%
99, 0.01188, 4114171.85855, 15724.55844, 36.937%
100, 0.01188, 9288911506.12778, 18699240.76500, 40.529%

Number of variables: 1
Tree:
SUB
L4: |---VAR1
R1: |---MUL
L2: |---|---SUB
L3: |---|---|---0.189339332273
R2: |---|---|---0.950430210836
R2: |---|---MUL
L3: |---|---|---MUL
L2: |---|---|---|---0.950430210836
R4: |---|---|---|---0.0413097900573
R3: |---|---|---DIV
L4: |---|---|---|---0.835582162267
R3: |---|---|---|---VAR1

Fitness: 0.0118764750068
Elapsed time: 97.572925 (s)