File: ../datasets/SR_div.txt
N_vars: 1 N_gens: 100 Pop_size: 500 XP: 0.9 MP: 0.05 TS: 20 MAX_D: 6 MIN_D: 1
[GEN], [BEST_FIT], [WORST_FIT], [AVG_FIT], [% BETTER CHILDREN]
1, 7.85276, 11634179725.44218, 31588094.66179, 0.000%
2, 7.83930, 247236887060489.59375, 494594070601.60046, 32.599%
3, 7.83930, 17033394577337894.00000, 34066800320049.33203, 26.316%
4, 7.81791, 3357752512160.48682, 10150122310.56379, 36.123%
5, 7.81791, 19340297.81945, 77242.51447, 51.345%
6, 7.81791, 48814093982.03690, 97658879.40461, 49.772%
7, 7.81791, 9196124804.78484, 19142513.83815, 30.087%
8, 7.81791, 1171830045.35570, 2375209.90698, 48.451%
9, 7.81507, 28661847474.51221, 59164808.63568, 39.407%
10, 7.81507, 4779341.87177, 20768.57538, 40.222%
11, 7.81507, 11911421.00719, 55627.08918, 31.838%
12, 7.81507, 465476421380.35913, 981224252.20972, 24.664%
13, 7.81507, 20189947.44710, 100844.82681, 30.531%
14, 7.81507, 203781051.69848, 420821.84835, 43.439%
15, 7.81507, 687882853.77334, 2278511.80889, 36.910%
16, 7.81507, 1430147280471.03833, 2946868855.83501, 31.390%
17, 7.81507, 68140115101.55479, 172479417.08919, 39.394%
18, 7.81507, 156503478717.79980, 313826896.15169, 36.073%
19, 7.81507, 3075583255383950.50000, 6151189164717.14062, 42.273%
20, 7.81507, 415484507.30982, 852181.14867, 45.000%
21, 7.81507, 855880156.42870, 1763421.11066, 38.009%
22, 7.81507, 31191042.98320, 73224.31025, 40.969%
23, 7.81507, 5821143761569.59473, 11642362499.58360, 44.000%
24, 7.81507, 6607114071.22086, 13959679.64109, 43.404%
25, 7.81507, 67722253697.08561, 137394342.22558, 40.260%
26, 7.81507, 8946565709.60921, 18293646.78304, 37.387%
27, 7.81507, 22702885.60941, 72121.01572, 37.387%
28, 7.81507, 2083847740.03868, 4541008.41726, 41.667%
29, 2.77526, 599786467.31333, 2311471.57495, 34.404%
30, 2.35112, 2665035178.49180, 5478042.25081, 37.768%
31, 2.35112, 11272088.37523, 78208.63250, 27.803%
32, 2.35112, 83868240.31582, 265292.80657, 44.053%
33, 2.35112, 13228469.77212, 63616.61613, 58.079%
34, 2.35112, 8759695066.50676, 17543683.18410, 58.986%
35, 2.35112, 2331895.77558, 11808.76534, 61.039%
36, 2.35112, 5301883.13947, 14463.19279, 59.912%
37, 2.35112, 901564702968.88440, 1803358223.24773, 59.070%
38, 2.35112, 1779184.79085, 10758.07397, 62.281%
39, 2.35112, 857383699.95633, 1746227.55447, 58.590%
40, 2.35112, 154330290.81851, 347953.43343, 59.641%
41, 2.35112, 1341590332.36408, 2721431.74164, 64.035%
42, 2.35112, 82290687616410.00000, 168956880198.87863, 61.504%
43, 2.35112, 16119373.52978, 33920.49636, 60.000%
44, 2.35112, 8541998.94832, 36187.00059, 60.648%
45, 2.34794, 30447572865.43035, 62694586.00497, 65.919%
46, 2.34794, 723354848.19611, 2611599.73066, 56.422%
47, 2.33700, 77832506.23927, 219812.31439, 43.119%
48, 2.33382, 8557604.44803, 33480.01976, 33.333%
49, 2.33382, 26892834626.51025, 54701595.91986, 28.112%
50, 2.33382, 4332893637252.09326, 8665840500.39862, 36.239%
51, 2.33382, 45850615.36722, 119179.95774, 38.393%
52, 2.33382, 12780005402.93853, 25689698.22804, 32.751%
53, 2.33382, 4037643870.70885, 10581952.06536, 32.432%
54, 2.33382, 1826962037409.26953, 3654009069.49366, 34.802%
55, 2.33382, 81085393.42476, 166594.88058, 33.790%
56, 2.33382, 14765421236475.70898, 29618574093.95777, 36.161%
57, 2.33382, 1394646310.05963, 4895660.36115, 31.776%
58, 2.33382, 162253694286.25906, 325292923.85633, 31.897%
59, 2.33382, 66947463.84804, 181483.23322, 38.696%
60, 2.33382, 67148484.55633, 226094.25658, 33.182%
61, 2.33382, 130212168490.42744, 260511716.03337, 35.780%
62, 2.33382, 9001655891.63681, 18069511.57285, 35.065%
63, 2.33382, 145102119.65623, 777621.93739, 30.804%
64, 2.33382, 32035058.33336, 190958.24568, 35.498%
65, 2.33382, 27681415.48987, 161107.12546, 31.982%
66, 2.33382, 166545385.85379, 490415.05377, 33.628%
67, 2.33382, 66536776.26045, 170492.62140, 33.921%
68, 2.33382, 44360384.14675, 106085.92127, 38.053%
69, 2.33382, 24166740679.05854, 48672883.63918, 34.802%
70, 2.33382, 264915602.29994, 1093230.35512, 43.172%
71, 2.33382, 894945325.56401, 2243587.14810, 34.361%
72, 2.32354, 4265007661.61083, 8896412.43656, 31.696%
73, 2.32354, 33999152665.42740, 68101626.00564, 36.771%
74, 2.32256, 1092434219352364288.00000, 2184868905938661.75000, 28.855%
75, 2.32256, 59358475130.67039, 120672819.01873, 26.623%
76, 2.32256, 151169182.63946, 748454.55130, 29.186%
77, 2.32256, 666069629.54325, 2039826.33122, 33.333%
78, 2.32256, 149824260.89772, 341099.80911, 33.772%
79, 2.32256, 16774285.65820, 64498.34046, 36.161%
80, 2.32256, 79970255.99498, 203250.86998, 35.135%
81, 2.32256, 169200662.68032, 480311.93639, 36.486%
82, 2.32256, 869126241.57928, 2377496.02352, 31.602%
83, 2.32256, 940599614.96054, 2470972.16145, 37.931%
84, 2.32256, 365364099332.89124, 730736891.70986, 41.071%
85, 2.32256, 6574312.08988, 22462.13755, 36.161%
86, 2.32256, 2693859466.52113, 5812384.80095, 32.407%
87, 2.32256, 12061747.12003, 30184.19845, 35.652%
88, 2.32256, 9197673.57016, 33616.43679, 31.004%
89, 2.32256, 744195779.98473, 1530377.25466, 33.036%
90, 2.32256, 945811445557471.12500, 1891624170966.95996, 36.797%
91, 2.32256, 31261500.41334, 69710.02084, 36.986%
92, 2.32256, 148815347.31949, 708165.95314, 38.288%
93, 2.32256, 61521445673.18967, 127309986.04198, 38.222%
94, 2.32256, 2961330156400669.50000, 5923023368048.47852, 41.778%
95, 2.32256, 7054806124.57616, 14570807.18592, 39.381%
96, 2.32256, 1889115197486.67896, 3909145617.40632, 37.557%
97, 2.32256, 43844624.23820, 98316.29261, 36.726%
98, 2.32256, 18244694079494.43359, 36491901672.69805, 40.090%
99, 2.32256, 3664457.87835, 24508.29244, 43.363%
100, 2.32256, 530324064.82709, 1884062.16294, 31.304%

Number of variables: 1
Tree:
ADD
L1: |---DIV
L3: |---|---0.0188374749992
R2: |---|---SUB
L3: |---|---|---VAR1
R3: |---|---|---SUB
L4: |---|---|---|---0.27241104832
R4: |---|---|---|---0.274490765115
R2: |---SUB
L3: |---|---VAR1
R3: |---|---SUB
L4: |---|---|---0.27241104832
R4: |---|---|---0.274490765115

Fitness: 2.32256202957
Elapsed time: 82.598988 (s)