File: ../datasets/SR_div.txt
N_vars: 1 N_gens: 100 Pop_size: 500 XP: 0.9 MP: 0.05 TS: 20 MAX_D: 6 MIN_D: 1
[GEN], [BEST_FIT], [WORST_FIT], [AVG_FIT], [% BETTER CHILDREN]
1, 8.41078, 168578267123.89053, 358025255.28106, 0.000%
2, 7.81559, 1941130175.71396, 6919570.30187, 30.531%
3, 7.81559, 166024319.57888, 932657.04433, 25.785%
4, 7.81559, 684263775.67105, 1767758.83638, 21.834%
5, 7.81559, 98742340.04634, 525036.52142, 31.390%
6, 7.81559, 43796047.86396, 301008.94398, 38.596%
7, 7.81559, 50285459.47765, 238008.30629, 36.607%
8, 7.81559, 15193118.15468, 41355.56675, 35.111%
9, 7.81559, 887886.13370, 6148.51993, 35.648%
10, 7.81559, 8876011242.61482, 20469517.48337, 36.522%
11, 7.81559, 23897099598.70238, 47988611.67979, 32.340%
12, 7.81559, 18741161523.03333, 38425311.21841, 36.607%
13, 7.81559, 7878104878.39532, 15841823.75826, 35.556%
14, 7.81559, 19456029931.09943, 38980927.38981, 33.641%
15, 7.81559, 44037460.18144, 169627.16961, 34.498%
16, 7.81412, 141418622.61595, 338856.50284, 36.726%
17, 7.81412, 3273343906.72830, 7012716.04496, 39.171%
18, 7.81412, 100915927.17994, 347106.30704, 33.478%
19, 7.81412, 326676671.36302, 846294.23762, 36.283%
20, 7.81412, 251824554622.61273, 504685358.93185, 42.609%
21, 7.81412, 33769806.36789, 113978.24309, 39.381%
22, 7.81412, 617327889.43906, 1249859.98275, 41.558%
23, 7.81412, 20764640086.83040, 41655048.24156, 36.444%
24, 7.81412, 10789513.53464, 44431.05269, 37.611%
25, 7.81412, 2664911788.21839, 5425009.18194, 37.727%
26, 7.81412, 114227249.02574, 378261.48229, 36.444%
27, 7.81412, 683723227.66557, 1763056.83023, 42.986%
28, 7.81412, 170517140.57983, 358602.31838, 38.667%
29, 7.81412, 2440184209.89675, 5193436.12924, 37.229%
30, 7.81412, 77186178.87229, 375817.50465, 40.807%
31, 7.81412, 184337623023.59674, 488662371.50455, 42.922%
32, 7.81412, 3209590.50652, 10984.78332, 34.802%
33, 7.81412, 192885413648.62137, 385778655.48934, 37.991%
34, 7.81412, 80000977994.25510, 161958117.04176, 33.333%
35, 7.81412, 423229972.28742, 1460565.24171, 36.199%
36, 7.81412, 13513808474.41345, 27687785.05437, 36.486%
37, 7.81412, 19050933143974.41797, 38101918972.33977, 35.000%
38, 7.81412, 12180849.67361, 46835.30687, 39.908%
39, 7.81412, 59293939.49389, 123888.27199, 36.726%
40, 7.81412, 2521056.16789, 15390.27277, 34.529%
41, 7.81412, 2468355327.63754, 5417216.96029, 40.529%
42, 7.81412, 29196275734.64260, 61820417.25820, 38.528%
43, 7.81412, 125230520.04050, 300797.07465, 38.528%
44, 7.81412, 18617488269940576256.00000, 37234976539929256.00000, 34.862%
45, 7.81412, 2114035406.66741, 4351357.03315, 29.817%
46, 7.81412, 12382555.24875, 46128.14679, 34.234%
47, 7.81412, 53346287282.04283, 106827646.33102, 31.897%
48, 7.81412, 23426241.77544, 64414.92816, 43.694%
49, 7.81412, 186941444.55225, 453681.66240, 37.500%
50, 7.81412, 56494517304.94084, 113272461.82178, 38.739%
51, 7.81412, 4070710910739410.50000, 8141422134906.39648, 37.668%
52, 7.81412, 478641808089.48785, 957513791.05659, 38.117%
53, 7.81412, 73453078.66287, 169321.29924, 37.611%
54, 7.81412, 936889035.16228, 2028020.94513, 36.818%
55, 7.81412, 41592822.90261, 110200.10643, 32.314%
56, 7.81412, 124438459.47070, 255567.97788, 41.256%
57, 7.81412, 123713181.62404, 260163.06246, 38.053%
58, 7.81412, 15404715677.96073, 30963735.65831, 37.220%
59, 7.81412, 45980400.38563, 144594.46034, 41.518%
60, 7.81412, 735199679.73892, 2047605.32572, 31.839%
61, 7.81412, 3070218679.74301, 7682810.57092, 34.956%
62, 7.81412, 18129754.86385, 40019.42630, 36.207%
63, 7.81412, 5040245.13828, 24546.31838, 34.375%
64, 7.81412, 3977167580359.71045, 7955786213.92519, 33.784%
65, 7.80117, 1736251768.88488, 3570430.05303, 38.356%
66, 7.80117, 40832184.89985, 108872.84845, 36.073%
67, 7.80117, 436955849.84728, 1218782.37171, 30.043%
68, 7.80117, 31292047804.30668, 62928890.97015, 29.505%
69, 7.80117, 1377797363.28785, 3727800.43245, 32.743%
70, 7.80117, 1918353685.64742, 4763282.41636, 32.569%
71, 7.80117, 2376362936.68951, 5089297.76797, 32.093%
72, 7.80117, 3129034829657.53955, 6258288046.61214, 30.131%
73, 7.80117, 116922584.92679, 293635.30151, 31.839%
74, 7.80117, 12616030664204.43945, 25232150558.89433, 35.526%
75, 7.80117, 1150312491.76720, 2311457.96574, 28.889%
76, 7.80117, 3817645969.01190, 7905543.42627, 35.808%
77, 7.80117, 7608047.52384, 37296.33139, 31.602%
78, 7.80117, 132928150605.06853, 266071190.70807, 37.963%
79, 5.66515, 9375335017.65361, 20925583.06225, 35.111%
80, 0.67612, 145144181.83335, 304530.51382, 36.771%
81, 0.67612, 4194786186.40210, 8430823.80444, 26.018%
82, 0.67612, 1244273728.15457, 5468554.86445, 25.115%
83, 0.67612, 5403598301.21445, 12678205.45817, 50.450%
84, 0.67612, 2131489172.22125, 4268646.89023, 61.290%
85, 0.67612, 28865154.62729, 73324.61766, 66.960%
86, 0.67612, 140757129.26274, 335376.00807, 65.778%
87, 0.67612, 3744997099674.10498, 7490292300.98251, 55.157%
88, 0.67612, 141697978.04303, 288839.83097, 54.955%
89, 0.67612, 167285.07107, 1462.73748, 62.896%
90, 0.67612, 171316836597.85052, 444023296.12769, 56.502%
91, 0.67612, 3654874.55719, 24582.14242, 58.636%
92, 0.67612, 57488892.07369, 141498.01809, 56.522%
93, 0.67612, 52225924.65214, 111619.25948, 61.991%
94, 0.67612, 4990863358461.71289, 9982082303.93655, 61.468%
95, 0.67612, 27764120.14380, 64243.47330, 53.913%
96, 0.67612, 194146966.47445, 403098.07055, 58.744%
97, 0.67612, 726747908.55313, 2649835.93831, 58.874%
98, 0.67612, 567552843267.93787, 1136048026.30560, 58.150%
99, 0.67612, 3646050.58223, 11374.04597, 61.947%
100, 0.67612, 34514018.05376, 71677.15821, 61.842%

Number of variables: 1
Tree:
ADD
L1: |---DIV
L2: |---|---0.0267721684646
R2: |---|---VAR1
R3: |---VAR1

Fitness: 0.67611575385
Elapsed time: 75.776005 (s)