File: ../datasets/SR_div.txt
N_vars: 1 N_gens: 100 Pop_size: 500 XP: 0.9 MP: 0.05 TS: 20 MAX_D: 6 MIN_D: 1
[GEN], [BEST_FIT], [WORST_FIT], [AVG_FIT], [% BETTER CHILDREN]
1, 7.82250, 26348537049.45172, 94075521.86775, 0.000%
2, 7.81974, 33346541913.40741, 103326497.37552, 29.646%
3, 7.81974, 160300227.31274, 505100.21873, 21.946%
4, 7.81974, 79641310995.77353, 162574652.13657, 18.222%
5, 7.81974, 3605246700.40881, 17202957.99340, 30.543%
6, 7.81974, 1705988710.06760, 6103181.88439, 39.520%
7, 7.81974, 572985721.37705, 1233591.03007, 39.565%
8, 7.81974, 188536797.21851, 711510.61394, 33.036%
9, 7.81974, 68702693.44914, 158660.07103, 39.545%
10, 7.81181, 8665922.33393, 37979.57761, 37.662%
11, 7.81181, 13113796637.59649, 26661614.61639, 34.186%
12, 7.81181, 754811558015.45715, 1509884474.11006, 23.636%
13, 7.81181, 24774433.48201, 111104.16514, 30.519%
14, 7.81181, 1458957469292.57397, 3100822312.14221, 33.784%
15, 7.81181, 3209584937.42467, 6558847.65775, 35.498%
16, 7.81181, 7167997.25297, 42842.30676, 34.513%
17, 7.81181, 860809.65474, 5210.66242, 42.411%
18, 7.81181, 18457819.93856, 37713.77365, 44.395%
19, 7.81181, 731308531.23821, 2033203.57346, 37.555%
20, 7.81181, 536620378.51910, 1094603.49640, 40.465%
21, 7.81181, 649849821.07384, 2646487.45639, 39.819%
22, 7.81181, 2096780511.97098, 5811908.21965, 40.693%
23, 7.81181, 26443920.79425, 87603.53726, 35.242%
24, 7.81181, 34961754040.58640, 80543942.33955, 37.156%
25, 7.81181, 873454136.33979, 1795331.32625, 40.359%
26, 7.81181, 146500857.03671, 307962.88747, 38.356%
27, 7.81181, 14597774.37228, 57992.71909, 36.638%
28, 7.81181, 7953772.65716, 29249.49221, 46.009%
29, 7.81181, 499372317.51184, 1939433.41234, 37.885%
30, 7.81181, 12841878135.16741, 27832931.16033, 40.611%
31, 7.81181, 110154621518.11583, 222661189.77279, 38.197%
32, 7.81181, 369620690.30287, 839148.83425, 37.229%
33, 7.81181, 166291508.64019, 349960.83738, 43.231%
34, 7.81181, 5419158145.92424, 10913579.48792, 42.411%
35, 7.81181, 580337424209.36548, 1160713308.59207, 42.453%
36, 7.81181, 39969685.77111, 117888.91080, 37.387%
37, 7.81181, 33646976287.87482, 67357400.34711, 36.444%
38, 7.81181, 12436279109.61947, 25630519.36596, 35.747%
39, 7.81181, 60644032.18019, 253853.08524, 43.119%
40, 3.19015, 5201039.63229, 23417.70780, 43.750%
41, 3.19015, 207978794.24585, 848743.60909, 38.235%
42, 3.19015, 11921678670.81766, 25858667.31371, 32.444%
43, 0.26041, 221330760.25770, 554490.31444, 47.098%
44, 0.26041, 23120400.13715, 63583.34386, 47.588%
45, 0.26041, 86325120.11468, 432318.86769, 29.386%
46, 0.26041, 1311968300.97541, 2840665.22489, 51.535%
47, 0.26041, 1315305591.95852, 2938012.19884, 48.000%
48, 0.26041, 82914015940804.64062, 165829221742.61292, 47.391%
49, 0.26041, 13166650.01362, 45419.09324, 48.430%
50, 0.26041, 25962057.61113, 55711.85945, 43.694%
51, 0.26041, 3606952.89446, 17536.37491, 53.913%
52, 0.26041, 61921553.76307, 130868.46458, 52.444%
53, 0.26041, 7598225799.49097, 15282361.55785, 49.776%
54, 0.26041, 160192604055604224.00000, 320385882323929.68750, 48.416%
55, 0.26041, 170756070.84130, 932142.90138, 46.018%
56, 0.26041, 173255601.79840, 359116.56067, 45.022%
57, 0.26041, 420562071.52430, 936922.76924, 44.444%
58, 0.26041, 200572917.07564, 848221.73872, 44.000%
59, 0.26041, 162841584969504.68750, 325683213845.50610, 53.125%
60, 0.26041, 7712876749.26507, 15761103.88097, 46.320%
61, 0.26041, 9654191.39355, 51058.74081, 45.291%
62, 0.26041, 6984666029.49205, 14064659.24626, 41.860%
63, 0.26041, 143228655.17041, 296957.32552, 50.439%
64, 0.26041, 3398023872.44048, 7113784.74646, 45.946%
65, 0.26041, 331233325.44863, 709187.48942, 51.389%
66, 0.26041, 704344753.87353, 1671445.80616, 45.374%
67, 0.26041, 62668447.03959, 137844.78202, 51.327%
68, 0.26041, 7335100129.90391, 14677709.11615, 47.162%
69, 0.26041, 658405395.61039, 1491859.77930, 49.309%
70, 0.26041, 11617286.97721, 25398.20532, 54.425%
71, 0.26041, 7432658608313.72070, 14865668253.06720, 51.965%
72, 0.26041, 332461162531.28540, 665683217.08621, 47.273%
73, 0.26041, 434679573.21143, 894149.01065, 47.137%
74, 0.26041, 18714780105.55190, 37507659.83432, 40.598%
75, 0.26041, 5472670147.09388, 11000746.20243, 49.774%
76, 0.26041, 272390553.34554, 714164.50515, 53.540%
77, 0.26041, 10549827864119.98047, 23988867106.44854, 42.791%
78, 0.26041, 896763.88378, 5358.46725, 51.770%
79, 0.26041, 7231439686.56245, 14489328.30689, 49.309%
80, 0.26041, 52770897.15471, 231454.51738, 46.296%
81, 0.26041, 4983155313.15960, 13632108.14420, 46.930%
82, 0.26041, 473736457.41400, 1164971.04225, 48.000%
83, 0.26041, 240788141.68370, 565585.98323, 47.368%
84, 0.26041, 1037125830.92632, 2093715.45937, 49.107%
85, 0.26041, 13087585.63087, 31201.81498, 45.022%
86, 0.26041, 2360902940.84179, 5636599.85214, 43.256%
87, 0.26041, 20749934.71082, 79137.21583, 55.066%
88, 0.26041, 198189697.21974, 670712.20401, 57.727%
89, 0.26041, 25505737.93264, 53287.34828, 46.957%
90, 0.26041, 16829425.35977, 40418.36782, 47.863%
91, 0.26041, 206558628.30568, 421674.43907, 44.783%
92, 0.21505, 73243701.64978, 151823.57853, 48.899%
93, 0.21505, 35206741.09715, 122114.43651, 39.912%
94, 0.21505, 3177858346725612.00000, 6355840709637.52734, 36.245%
95, 0.21505, 33921267.89069, 155933.89362, 47.845%
96, 0.21505, 1383137237.38639, 2810528.29574, 48.444%
97, 0.21505, 1317253.25579, 6672.85787, 45.217%
98, 0.21505, 211456790836.73459, 452738754.13767, 48.848%
99, 0.21505, 2877851310.66813, 6171998.13593, 44.589%
100, 0.21505, 65265016.74529, 291322.57499, 46.018%

Number of variables: 1
Tree:
ADD
L1: |---DIV
L2: |---|---0.0866783126966
R2: |---|---ADD
L3: |---|---|---DIV
L3: |---|---|---|---VAR1
R4: |---|---|---|---0.392602009739
R4: |---|---|---VAR1
R3: |---VAR1

Fitness: 0.215051441148
Elapsed time: 74.579980 (s)