File: ../datasets/SR_div.txt
N_vars: 1 N_gens: 100 Pop_size: 500 XP: 0.9 MP: 0.05 TS: 20 MAX_D: 6 MIN_D: 1
[GEN], [BEST_FIT], [WORST_FIT], [AVG_FIT], [% BETTER CHILDREN]
1, 7.82072, 586368520.92207, 2415661.66612, 0.000%
2, 6.67448, 179247009.58080, 577964.97265, 26.000%
3, 6.67448, 1370880400.85941, 4916235.83379, 20.133%
4, 6.67448, 1972425615.56503, 5141172.66246, 27.602%
5, 6.65755, 51266641094.54976, 102758060.95854, 42.444%
6, 6.56465, 8666689.91250, 42521.33132, 44.541%
7, 2.06234, 4117851677.28763, 8656124.70411, 28.982%
8, 2.06234, 211489776.86237, 934374.23525, 28.414%
9, 2.06234, 11498682860.64269, 28651727.12634, 24.561%
10, 0.38545, 33953719.71348, 192419.55194, 43.925%
11, 0.38545, 58144481.93996, 142381.79867, 40.625%
12, 0.38545, 248631961405.04294, 519301261.90163, 31.422%
13, 0.38545, 5363000218.49176, 10910921.64785, 34.934%
14, 0.38545, 5568698398.25239, 12126573.73618, 34.529%
15, 0.38545, 11376199.23185, 41544.25827, 32.743%
16, 0.38545, 5302420577.81050, 10671682.15666, 36.771%
17, 0.38545, 23676535.33874, 125111.26294, 40.455%
18, 0.38545, 74204008.34360, 199623.69882, 41.071%
19, 0.38545, 19517530.90276, 58022.99165, 32.751%
20, 0.38545, 88650178.79455, 202832.76765, 42.081%
21, 0.38545, 150614421.53434, 338545.76426, 37.872%
22, 0.38545, 5439082647.49515, 10881690.12270, 38.696%
23, 0.38545, 3702128.43656, 16600.57798, 36.842%
24, 0.38545, 390487585.72913, 843713.10518, 39.013%
25, 0.38545, 18032645.17650, 42625.77136, 32.870%
26, 0.38545, 901570728.95558, 1906789.54816, 29.032%
27, 0.38545, 23837423.92582, 88304.41096, 37.885%
28, 0.38545, 201890916.66760, 487542.52982, 42.152%
29, 0.38545, 6377136596.11821, 15900306.34035, 30.804%
30, 0.38545, 13033037.55694, 30418.60887, 38.565%
31, 0.38545, 595314010.04352, 1843909.40180, 39.910%
32, 0.38545, 138033203.43114, 325154.08114, 36.207%
33, 0.38545, 462661261163.25562, 976591397.96361, 40.708%
34, 0.38545, 19766694542.36644, 45693857.35768, 45.217%
35, 0.38545, 5316350.81010, 29447.25699, 39.035%
36, 0.38545, 42743632.63563, 142824.48165, 30.870%
37, 0.23913, 121289601.87127, 244751.22711, 44.397%
38, 0.23913, 53561173.14070, 164950.42891, 43.722%
39, 0.23913, 31966508.03068, 101886.04146, 37.174%
40, 0.23913, 22679153.71588, 55587.26860, 59.283%
41, 0.23913, 171207870.77404, 518867.22050, 66.210%
42, 0.23913, 555096.52946, 3430.45507, 59.729%
43, 0.23913, 6294880.92251, 14964.31610, 54.709%
44, 0.23913, 5303844.52496, 15748.84197, 57.269%
45, 0.23913, 143609641.50422, 465311.67988, 60.268%
46, 0.23913, 8395374.45615, 41781.24507, 61.261%
47, 0.23913, 5402999.11539, 17440.86316, 57.534%
48, 0.23913, 2325847759.72072, 5375168.27254, 53.778%
49, 0.23913, 430930113.52153, 866373.72757, 58.261%
50, 0.23913, 4872739.23462, 14261.03603, 50.431%
51, 0.23913, 493857021.46337, 995724.36060, 54.148%
52, 0.23913, 4045822.02661, 12284.40462, 59.657%
53, 0.23913, 890991.69747, 2821.38677, 57.522%
54, 0.23913, 12440599957.13795, 41390610.04680, 55.947%
55, 0.23913, 982922806.40676, 3316025.70262, 52.889%
56, 0.23913, 30115286.44150, 95139.70749, 58.257%
57, 0.23913, 7363810.31950, 34598.96713, 57.269%
58, 0.23913, 14749395375.22915, 52171117.35373, 56.828%
59, 0.23913, 414272569.07774, 1297526.27773, 58.929%
60, 0.23913, 237639.27102, 2632.85883, 57.269%
61, 0.23913, 17218342.39284, 75648.53898, 57.080%
62, 0.23913, 167331629.39090, 687873.61423, 53.744%
63, 0.23913, 2056811.32345, 6507.67906, 65.179%
64, 0.23913, 994158.57214, 4967.47260, 55.895%
65, 0.23913, 11045539.86053, 23593.06367, 57.848%
66, 0.23913, 1816099343.50285, 3663152.70788, 53.947%
67, 0.23913, 568934.11213, 2418.02373, 60.274%
68, 0.23913, 640347609.66856, 1808082.08684, 56.889%
69, 0.23913, 3626202.00282, 11258.83147, 59.307%
70, 0.23913, 387341234.74051, 953041.86345, 57.965%
71, 0.23913, 16480290.35729, 43547.53566, 56.388%
72, 0.23913, 93979064.75729, 258030.59422, 65.044%
73, 0.23913, 1432628089.62745, 2887213.52709, 64.000%
74, 0.23913, 3256500182.49046, 6992532.13662, 52.915%
75, 0.23913, 1324060368.66300, 3281289.72292, 55.405%
76, 0.23913, 56741467663.63026, 113483837.02016, 66.379%
77, 0.23913, 4365483530.14329, 8741553.48039, 57.727%
78, 0.23913, 188031424.85057, 404168.48154, 58.150%
79, 0.23913, 793445119.87771, 2491979.96097, 59.459%
80, 0.23913, 6735441.10799, 23082.88845, 59.722%
81, 0.23913, 835830077.99890, 2470644.89081, 58.333%
82, 0.23913, 612647469.17207, 1312619.30183, 59.009%
83, 0.23913, 24435204.71324, 94420.56256, 56.250%
84, 0.23913, 2995305594.09588, 6079602.33212, 56.195%
85, 0.23913, 1829037774.86091, 3828369.67154, 50.000%
86, 0.23913, 6335359.62905, 33983.21184, 57.466%
87, 0.23913, 70181931.68117, 168022.70963, 61.883%
88, 0.23913, 392689.33587, 3139.24007, 61.644%
89, 0.23913, 320065393.83183, 646835.71177, 59.471%
90, 0.23913, 3037435265.74600, 7468465.77094, 54.751%
91, 0.23913, 83955037.67003, 216977.71631, 62.115%
92, 0.23913, 15427570.78389, 40956.58466, 61.086%
93, 0.23913, 1147982214.18185, 2607440.25642, 60.181%
94, 0.23913, 10900223075.23816, 22099862.64139, 59.009%
95, 0.23913, 2501468318.88453, 9756020.15066, 52.632%
96, 0.23913, 456179336.57161, 1076644.46017, 55.000%
97, 0.23913, 4102890.17271, 9305.68954, 55.357%
98, 0.23913, 45435670.59868, 116764.61315, 55.405%
99, 0.23913, 9493826.91347, 43410.27390, 57.589%
100, 0.23913, 66041048.91053, 350901.13494, 59.908%

Number of variables: 1
Tree:
ADD
L3: |---VAR1
R1: |---SUB
L2: |---|---DIV
L3: |---|---|---0.0796374091375
R3: |---|---|---DIV
L4: |---|---|---|---VAR1
R3: |---|---|---|---0.306052343904
R2: |---|---SUB
L3: |---|---|---VAR1
R1: |---|---|---VAR1

Fitness: 0.239130042289
Elapsed time: 81.821320 (s)