File: ../datasets/SR_div.txt
N_vars: 1 N_gens: 100 Pop_size: 500 XP: 0.9 MP: 0.05 TS: 20 MAX_D: 6 MIN_D: 1
[GEN], [BEST_FIT], [WORST_FIT], [AVG_FIT], [% BETTER CHILDREN]
1, 7.87340, 1512032533.17875, 5288578.43789, 41.228%
2, 7.87340, 11652678841.29340, 43480973.63577, 31.839%
3, 7.81709, 152077246.75762, 531163.70238, 32.658%
4, 7.81709, 4559039700.13708, 10098068.88962, 23.276%
5, 7.81709, 2467086832.47801, 5247680.54669, 32.648%
6, 7.81709, 46726425590.81039, 98725438.68246, 29.452%
7, 7.81709, 267967005.06671, 970803.68835, 30.332%
8, 7.81709, 7803638782.65369, 16223795.47228, 35.652%
9, 7.81709, 134080281.92199, 429167.80846, 39.286%
10, 7.81709, 790467542.39188, 2809322.47930, 40.265%
11, 7.81238, 22579535.24271, 63821.28424, 42.358%
12, 7.81238, 8348109.04862, 25921.61574, 40.271%
13, 7.81238, 95434278.30410, 326713.74937, 31.982%
14, 7.81238, 259320265393.77518, 520872819.72085, 30.046%
15, 7.81196, 739754763.56320, 2578312.08184, 39.744%
16, 7.81196, 531748944279.15405, 1065461335.80820, 35.903%
17, 7.81196, 818879135.90226, 1743438.75813, 28.728%
18, 7.81196, 12988251870.40122, 39149065.14879, 32.599%
19, 7.81196, 64228247045.00233, 128499290.79009, 31.858%
20, 7.81196, 55913236139.02576, 111851974.63738, 33.480%
21, 7.81196, 198246870.44971, 471800.98003, 40.529%
22, 7.62401, 2227563252991.20117, 4455393284.83444, 36.444%
23, 7.62401, 184155032.77823, 621557.98106, 35.590%
24, 7.62401, 3909022528.25322, 11649873.49374, 31.818%
25, 7.62354, 5584150254.80855, 11973700.30319, 36.538%
26, 7.43156, 482607433.28932, 1011728.44764, 37.500%
27, 7.43156, 424534031.65139, 1230315.44950, 28.667%
28, 7.23750, 2726131810.90739, 9721983.13312, 21.179%
29, 7.23260, 7700242844.68557, 19637285.15851, 28.194%
30, 7.23260, 279158736.31541, 669889.93140, 27.533%
31, 7.21549, 1596577131127827.25000, 3193172264140.80908, 17.325%
32, 5.70155, 382154975.14767, 1127068.32991, 18.468%
33, 2.22086, 18874681164.94340, 51773005.39208, 25.000%
34, 2.22086, 4891133982179.63379, 9783257490.67431, 16.279%
35, 1.74744, 19329117348732.98438, 39302511813.13205, 17.333%
36, 1.74744, 405000913.06545, 1621870.44590, 26.000%
37, 1.74744, 696408302.12323, 2100472.29986, 20.909%
38, 0.93802, 20855375993.08622, 65829471.70739, 28.414%
39, 0.93802, 4884439.75383, 25641.97432, 30.137%
40, 0.93802, 78297251305968544.00000, 170924334782719.87500, 24.779%
41, 0.93802, 80914842098.34460, 166653364.22708, 35.333%
42, 0.93802, 15518166444.90038, 45169716.30997, 30.973%
43, 0.93802, 11489057.45066, 88468.69813, 30.667%
44, 0.64648, 156382255.05709, 332513.14146, 26.087%
45, 0.64648, 1101243797.78202, 2444616.60327, 35.345%
46, 0.64648, 58830272052.68036, 119574008.77960, 22.973%
47, 0.53169, 232090583116.80014, 476422395.76700, 24.893%
48, 0.53169, 932453190.66206, 1997815.97170, 28.837%
49, 0.53169, 10779574828.10357, 21847198.02153, 18.636%
50, 0.53169, 3301761411.99241, 7890399.22318, 26.222%
51, 0.53169, 206869864.94121, 486569.68313, 29.545%
52, 0.53169, 11142519521.03067, 24318958.78020, 23.009%
53, 0.53169, 78044217061852.40625, 156088472266.99741, 31.278%
54, 0.53169, 100538759.48310, 218592.74312, 27.679%
55, 0.53169, 4453791505.85243, 9024807.86800, 26.222%
56, 0.53169, 349334416.30406, 1291200.84211, 26.009%
57, 0.53169, 5238346495.27446, 10516341.34342, 20.961%
58, 0.53169, 175851544.11095, 485628.78122, 25.221%
59, 0.53169, 170022694.14191, 544368.84763, 30.493%
60, 0.53169, 558046187.31438, 1550126.48796, 23.707%
61, 0.53169, 3042879341.19762, 6497229.47635, 24.434%
62, 0.46673, 29285489.72943, 79725.40160, 28.767%
63, 0.46673, 53339931.44746, 151138.50948, 23.305%
64, 0.46673, 20667410288584.05859, 41659690677.14716, 17.512%
65, 0.41440, 548571985.04757, 1211515.49007, 22.936%
66, 0.41440, 897042722.03810, 6495166.65526, 22.103%
67, 0.41440, 151570794.91080, 880191.86714, 16.136%
68, 0.41440, 581133509.19601, 2928942.75346, 26.201%
69, 0.41440, 235822977401.83304, 547353091.75862, 23.478%
70, 0.41440, 146655698.92530, 642532.07638, 31.556%
71, 0.41440, 12510382204378486.00000, 25020764445966.19922, 26.068%
72, 0.41440, 5276159986.14205, 11499576.67235, 23.556%
73, 0.41440, 113151796.16276, 301752.65568, 23.451%
74, 0.41440, 1523134339.88076, 3728295.50187, 29.018%
75, 0.41440, 6596100463.57447, 13646106.36616, 27.193%
76, 0.41440, 299826216.09141, 636756.63825, 26.923%
77, 0.41440, 570134506876114.62500, 1140270362272.52441, 32.727%
78, 0.41440, 1422054003359.17627, 2844196649.43312, 31.718%
79, 0.41440, 559258833140.46619, 1569951410.09623, 26.906%
80, 0.41440, 8732092.51479, 43609.04383, 23.288%
81, 0.41440, 44325089234.61707, 88668342.99636, 27.155%
82, 0.41440, 612422261.10621, 1354355.29073, 25.778%
83, 0.41440, 295154250.54503, 1413800.00367, 27.315%
84, 0.41440, 4636166928.94366, 9451569.47241, 27.273%
85, 0.41440, 162102777764241.71875, 325274673855.03314, 24.215%
86, 0.41440, 20389673623.22430, 42134563.30238, 27.753%
87, 0.41440, 1361026580.19452, 3055457.62441, 26.293%
88, 0.41440, 1154327513.30189, 2329752.07982, 25.862%
89, 0.41440, 15811472.74046, 59090.94603, 31.416%
90, 0.41440, 3428684128.98815, 6980985.14094, 23.982%
91, 0.41440, 42869979433.20924, 86053583.82231, 26.027%
92, 0.41440, 5848817.94965, 18581.14002, 26.818%
93, 0.41440, 2180114173038.46704, 4363189631.17515, 22.222%
94, 0.41440, 769810213.03956, 2065835.61515, 29.730%
95, 0.41440, 576710694.83999, 1189618.83263, 34.091%
96, 0.41440, 1095562324.07115, 2230466.42087, 27.876%
97, 0.41440, 7065214598.89147, 17660535.06463, 29.954%
98, 0.41440, 4050934516.58649, 11295808.36131, 29.952%
99, 0.41440, 64982883.08850, 326028.28596, 25.893%
100, 0.41440, 3374156618.38047, 10527719.37464, 28.261%

Number of variables: 1
Tree:
MUL
L1: |---DIV
L2: |---|---0.994453584573
R2: |---|---0.859348189353
R1: |---ADD
L3: |---|---MUL
L4: |---|---|---VAR1
R2: |---|---|---0.878193163624
R2: |---|---DIV
L3: |---|---|---0.0176281745261
R3: |---|---|---MUL
L4: |---|---|---|---VAR1
R2: |---|---|---|---0.859348189353

Fitness: 0.41439820594
Elapsed time: 1096.622324 (s)