File: ../datasets/SR_div.txt
N_vars: 1 N_gens: 100 Pop_size: 500 XP: 0.9 MP: 0.05 TS: 20 MAX_D: 6 MIN_D: 1
[GEN], [BEST_FIT], [WORST_FIT], [AVG_FIT], [% BETTER CHILDREN]
1, 7.86255, 28969294615.17879, 97482690.56587, 24.107%
2, 7.81992, 2710007653.08826, 8048225.46970, 29.452%
3, 7.81992, 3790553390.20807, 9370866.33527, 14.865%
4, 7.81992, 15235809636832.93164, 30473634858.31743, 22.045%
5, 7.81992, 37904375428.92339, 76837649.73690, 31.466%
6, 7.81992, 11654087648.42974, 23327087.87091, 52.643%
7, 7.81992, 938613.11516, 3728.41378, 51.754%
8, 7.81992, 19945057.45293, 78847.81977, 52.889%
9, 7.81992, 14808488600.53761, 29631902.76293, 51.327%
10, 7.81992, 24894309.84810, 63355.59961, 46.957%
11, 7.81992, 467356888.05686, 1248629.06925, 48.148%
12, 7.81992, 2207489.33070, 17077.09769, 52.968%
13, 7.81992, 8947995528.53060, 17905615.36541, 48.889%
14, 7.81992, 501138165.34489, 1031843.48208, 59.740%
15, 7.81992, 820257708.74308, 1690821.44372, 51.364%
16, 7.81992, 8143524545.10334, 16304807.34317, 47.297%
17, 7.81992, 113185073.64806, 237336.85793, 45.740%
18, 7.81992, 2664864509.97830, 5348104.89265, 55.357%
19, 7.81992, 14384203345.32715, 29364448.49082, 52.582%
20, 7.81992, 388562774.74022, 1002329.98502, 47.085%
21, 7.81992, 406880149.44579, 827335.27302, 49.107%
22, 7.81992, 2512200.83248, 10561.83410, 47.807%
23, 7.81992, 22586237.84198, 53810.35674, 49.780%
24, 7.81992, 687812596.55946, 1578986.99006, 47.321%
25, 7.81992, 2428694888154.34082, 4857419730.66802, 52.036%
26, 7.81992, 4440049.40272, 10953.72907, 53.744%
27, 7.81992, 1069173.66548, 6523.20725, 43.805%
28, 7.81992, 21763581.67835, 91261.50443, 42.466%
29, 7.81992, 20888503076.65789, 41910380.99071, 57.391%
30, 7.81992, 108324936.98101, 564458.03233, 46.429%
31, 7.81992, 116582426.84712, 330997.40706, 47.465%
32, 7.81386, 5639534601.57472, 11280275.10310, 51.111%
33, 7.81386, 380424843421.10229, 766603086.27567, 46.244%
34, 7.81386, 1052865546449.60571, 2108474083.70601, 39.035%
35, 7.81386, 1060665142.87038, 2331179.20907, 46.070%
36, 7.81386, 160256905100.20816, 322774373.67810, 55.046%
37, 7.81386, 20130239250.81307, 56799884.84276, 49.565%
38, 7.81386, 3318568.69962, 18419.04631, 53.125%
39, 7.81386, 6810387.28133, 22526.22785, 47.222%
40, 7.81386, 139900825.11889, 520631.37035, 51.598%
41, 7.81386, 11608662.60272, 45280.58704, 52.000%
42, 7.81386, 197076387668.53351, 450584348.30541, 42.667%
43, 7.81386, 4107877977.89893, 9337901.83884, 48.444%
44, 7.81386, 25222438.29706, 72392.69343, 51.852%
45, 7.81386, 203253658042.36487, 407811968.02696, 50.455%
46, 7.81386, 16344579.03826, 45340.14819, 44.053%
47, 7.81386, 43539397.33567, 104857.22198, 53.125%
48, 7.81386, 946847679.00823, 1902958.24294, 52.137%
49, 7.81386, 2556617.59596, 15589.77745, 46.188%
50, 7.81386, 96027400.51612, 232880.68969, 51.528%
51, 7.81386, 50182925.00977, 112464.64968, 57.273%
52, 7.81386, 282097947.83308, 999128.36652, 46.753%
53, 7.81386, 11663409.77445, 31053.71889, 50.000%
54, 7.81386, 4427866.92738, 14337.49837, 52.119%
55, 7.81386, 243618062061286.56250, 487301697792.66681, 49.115%
56, 7.81386, 4387627.17282, 35267.04964, 45.249%
57, 7.81386, 21722294370.83591, 43494790.54483, 51.477%
58, 7.81386, 981721337.31750, 1990084.07184, 45.887%
59, 7.81386, 56982817.14838, 157143.18528, 50.427%
60, 7.81386, 5035184631.43699, 10227161.46645, 46.222%
61, 7.81386, 116586051.80192, 311752.75639, 41.150%
62, 7.81386, 283073159209.50488, 566278147.62266, 48.611%
63, 7.81386, 29741417.14032, 79481.84105, 52.609%
64, 7.81386, 12767722.96953, 31997.32556, 53.509%
65, 7.81386, 3818809.76746, 11245.63102, 51.293%
66, 7.81386, 56624553.41045, 148645.15475, 53.125%
67, 7.81386, 4172032369.37410, 8522289.88199, 42.291%
68, 7.81386, 1911099223.31884, 4138210.54024, 47.964%
69, 7.81386, 1231083357.88662, 2483700.09185, 50.877%
70, 7.81386, 1992194390.85687, 4139102.24253, 46.957%
71, 7.81386, 18059383.34163, 124724.90355, 46.188%
72, 7.81386, 18986651.13528, 60979.32491, 49.772%
73, 7.81386, 1518623277.50547, 3701212.88466, 46.522%
74, 7.81386, 113993736278.62970, 228158144.34969, 47.297%
75, 7.81085, 1353547182.05649, 2728360.74118, 48.879%
76, 7.81085, 252230147.65155, 897902.25373, 43.202%
77, 7.81085, 4200240747.44813, 9485649.96413, 41.522%
78, 7.81085, 24735994377.92554, 49597512.53646, 32.258%
79, 7.81085, 2586188115506.40576, 5172431604.25832, 49.111%
80, 7.81085, 21205217510.63448, 42429816.17238, 51.339%
81, 7.81085, 24857842.44390, 64326.76509, 51.121%
82, 7.81085, 288824383.38112, 737397.97812, 49.315%
83, 7.81085, 13060089.05134, 46267.69930, 52.381%
84, 7.81085, 2158111464.68572, 4367451.06170, 45.333%
85, 7.81085, 188944738611.26678, 377973131.18269, 50.661%
86, 7.81085, 12089670.55014, 28766.80328, 53.478%
87, 7.81085, 102304797.48503, 253487.35215, 45.133%
88, 7.81085, 308933412655.30145, 617924661.42938, 51.965%
89, 7.81085, 1646871663323.23560, 3295931051.02649, 44.156%
90, 7.81085, 3104876.25299, 8601.25268, 55.411%
91, 7.81085, 32854207735.27124, 65737641.19599, 53.982%
92, 7.81085, 384959355576.37463, 771199989.56981, 53.097%
93, 7.81085, 478705153.94651, 1088155.45821, 54.348%
94, 7.81085, 4146463.15926, 18112.90508, 53.982%
95, 7.81085, 21979858287.83187, 44029718.56013, 51.073%
96, 7.81085, 461582432778.24445, 924954436.65237, 56.444%
97, 7.81085, 10552692615.80589, 21131768.97708, 48.430%
98, 7.81085, 2859162333042.65576, 5718393982.85734, 49.772%
99, 7.81085, 993675952.50491, 2005843.88845, 49.550%
100, 7.81085, 27154287001.56773, 94464232.18183, 51.101%

Number of variables: 1
Tree:
DIV
L2: |---VAR1
R1: |---0.837755965237

Fitness: 7.81084896972
Elapsed time: 59.174351 (s)