File: ../datasets/SR_div.txt
N_vars: 1 N_gens: 100 Pop_size: 500 XP: 0.9 MP: 0.05 TS: 20 MAX_D: 6 MIN_D: 1
[GEN], [BEST_FIT], [WORST_FIT], [AVG_FIT], [% BETTER CHILDREN]
1, 7.81321, 243735582.19779, 849594.03908, 37.556%
2, 7.81321, 13160731587599.79492, 26633679559.09195, 27.331%
3, 7.81321, 85384134.85040, 458581.18817, 30.269%
4, 7.81321, 45108379983874.53906, 91102564728.54124, 31.778%
5, 7.81321, 58366651170721640.00000, 116733364030022.42188, 49.554%
6, 7.81321, 84919385.91993, 205273.16235, 50.870%
7, 7.81321, 1859118574.00724, 5172341.86348, 46.696%
8, 7.81321, 2344486122.28555, 5073185.34660, 51.415%
9, 7.81321, 6227263.94954, 18876.15460, 51.142%
10, 7.81321, 16922212.24005, 45206.74033, 38.462%
11, 7.81321, 15812276.74285, 40472.11296, 52.727%
12, 7.81321, 48167114.13675, 112300.88124, 42.793%
13, 7.81321, 50716871.80673, 125117.11625, 49.333%
14, 7.81321, 3186242.51280, 10491.52071, 52.193%
15, 7.81321, 24873724805821.40234, 49748597456.53915, 50.679%
16, 7.81321, 104670175.63781, 267564.61274, 53.540%
17, 7.81321, 4468476302.78929, 9021195.80989, 49.561%
18, 7.81321, 201198844.78953, 407625.33538, 57.269%
19, 7.81321, 344232756951841.12500, 786803293425.48657, 47.788%
20, 7.81321, 21177042372356.25391, 42402085641.41919, 45.415%
21, 7.81321, 7843906564.50135, 15691570.33054, 50.877%
22, 7.81321, 2048350729.25300, 4107226.25568, 50.220%
23, 7.81321, 119971461.59494, 303175.04874, 47.391%
24, 7.81321, 7089626991.61485, 14222629.38370, 54.911%
25, 7.81321, 61238228.52601, 174304.63896, 55.310%
26, 7.81321, 9106755.92747, 53781.28317, 53.304%
27, 7.81321, 5952548.83608, 21810.41325, 50.228%
28, 7.81321, 174495556.14127, 670944.88543, 57.940%
29, 7.81321, 3457646643.56933, 7139722.09537, 49.115%
30, 7.81321, 443761102174.65936, 896264371.22832, 45.872%
31, 7.81321, 276409683.26785, 603806.98296, 50.909%
32, 7.81321, 124231834.40444, 333123.14059, 48.261%
33, 7.81321, 5649287.91689, 15479.41884, 54.955%
34, 7.81321, 22000015.55153, 83874.15273, 44.344%
35, 7.81321, 79839188.89275, 202353.40029, 52.444%
36, 7.81321, 197514029146.08456, 458867857.97787, 50.000%
37, 7.81321, 6474097459653.81641, 12948204286.61897, 52.915%
38, 7.81321, 397728563103.90906, 795496301.29414, 48.230%
39, 7.81321, 379776926.76129, 767686.07427, 46.222%
40, 7.81321, 181104943.52778, 374050.82383, 51.111%
41, 7.81321, 146838223.71378, 306238.24544, 53.744%
42, 7.81321, 16046699277.38123, 32192389.32249, 52.489%
43, 7.03130, 3219308.86755, 8922.21223, 57.778%
44, 7.03130, 16399046.90842, 45326.00535, 46.711%
45, 7.03130, 6935480824.96583, 14741415.00467, 41.266%
46, 7.03130, 167004492.77666, 659117.29072, 57.301%
47, 7.03130, 7249109.07725, 16228.03360, 57.333%
48, 7.03130, 445752296.80238, 1059598.24452, 54.425%
49, 7.03130, 4542727789.17461, 9086493.78920, 59.031%
50, 7.03130, 27093290715.49180, 54434950.19658, 54.018%
51, 7.03130, 911478276.22826, 3678697.94925, 56.951%
52, 6.73732, 6984747.88931, 15631.07294, 57.658%
53, 6.73732, 3291103.87294, 15973.46796, 55.459%
54, 6.73732, 472239919.22796, 1967857.61174, 42.824%
55, 6.73732, 793197831763.80676, 1586907766.67700, 57.018%
56, 6.73732, 883798.15796, 2637.47371, 56.000%
57, 6.73732, 14428051.14721, 41903.00854, 60.092%
58, 6.73732, 46176978.36329, 97313.36950, 52.632%
59, 6.73732, 10238822.09367, 23263.42399, 58.772%
60, 6.73732, 95568897.14306, 200517.61555, 55.752%
61, 6.73732, 7395306.47534, 35307.75059, 56.250%
62, 6.73732, 5699234.86064, 29666.17216, 56.889%
63, 6.73732, 527343178.86688, 1112262.82552, 54.043%
64, 6.73732, 3887305467.20321, 7801984.07928, 58.667%
65, 6.73732, 96821726.51893, 280068.14252, 56.621%
66, 6.73732, 1635542282.71052, 6013718.02243, 57.143%
67, 6.73732, 13330301.26629, 36486.64528, 55.157%
68, 6.73732, 1108571609.53982, 2220804.59598, 62.174%
69, 6.73732, 698922738.60568, 1700888.21141, 55.844%
70, 6.73732, 1761549227.91531, 3579180.58183, 53.571%
71, 6.73732, 1527991477.86847, 3058830.58653, 54.274%
72, 6.73732, 19657269.69699, 53545.20471, 53.812%
73, 6.73732, 1082872501.82349, 2167432.11497, 56.306%
74, 6.73732, 2995146315.53355, 6122398.03810, 57.798%
75, 6.73732, 86788118.35821, 192751.90072, 58.108%
76, 6.73732, 29976929.50387, 117051.41362, 57.848%
77, 6.73732, 34895268.15932, 78362.58195, 54.505%
78, 6.73732, 371756455.82556, 1475742.81646, 53.211%
79, 6.73732, 216558700.62155, 435287.78965, 51.364%
80, 6.73732, 60704627.88643, 180301.11594, 59.574%
81, 6.73732, 221621464.48177, 538519.01924, 61.233%
82, 6.73732, 1595597.89892, 6408.30001, 64.159%
83, 6.73732, 247958809.15591, 505601.68136, 55.263%
84, 6.73732, 30193452.18515, 150052.30873, 61.842%
85, 6.73732, 111140928.65797, 235509.79296, 57.080%
86, 6.73732, 3849976.23996, 12933.71896, 59.009%
87, 6.73732, 40322295.07316, 100615.80753, 58.952%
88, 6.73732, 70260002446.13635, 140852347.18736, 58.482%
89, 6.73732, 3182837.95516, 14261.97214, 53.394%
90, 6.73732, 56791994.72593, 114776.48876, 60.262%
91, 6.73732, 474354075325.63654, 955249964.89186, 56.250%
92, 6.73732, 5024942.12502, 21019.62640, 53.744%
93, 6.73732, 2911658694708.24121, 5826135226.80019, 58.261%
94, 6.73732, 2397243.65683, 7512.09323, 60.352%
95, 6.73732, 1774803346.55570, 3560900.06773, 55.111%
96, 6.73732, 21325142.43067, 102169.32250, 54.128%
97, 6.73732, 71495539.83716, 148914.14293, 55.405%
98, 6.73732, 99381938.34652, 307478.11214, 55.804%
99, 6.73732, 11099657.28766, 81550.31369, 58.525%
100, 6.73732, 96890593216.42564, 194257582.27437, 55.556%

Number of variables: 1
Tree:
DIV
L3: |---VAR1
R1: |---ADD
L2: |---|---MUL
L3: |---|---|---VAR1
R3: |---|---|---VAR1
R2: |---|---0.679493841284

Fitness: 6.73732453362
Elapsed time: 60.629032 (s)