File: ../datasets/SR_div.txt
N_vars: 1 N_gens: 100 Pop_size: 500 XP: 0.9 MP: 0.05 TS: 20 MAX_D: 6 MIN_D: 1
[GEN], [BEST_FIT], [WORST_FIT], [AVG_FIT], [% BETTER CHILDREN]
1, 7.93607, 2273607894271.66748, 4557676284.42318, 34.842%
2, 7.83146, 41557487078.71660, 94534396.79402, 32.599%
3, 7.81718, 194640169.06669, 449639.97580, 26.457%
4, 7.81718, 458269168111.27185, 928506736.18318, 35.294%
5, 7.81473, 99373437.29656, 409442.83634, 34.498%
6, 7.81473, 5768213810.12245, 17030633.13982, 30.493%
7, 7.81332, 4122852121.21390, 9300263.04058, 30.217%
8, 7.81332, 1029186824590963.87500, 2058998205195.17651, 27.111%
9, 7.81332, 31788464.83988, 140654.35533, 29.821%
10, 7.81332, 13262910.67469, 64849.59189, 35.217%
11, 7.81332, 3900776781.12992, 7810898.80857, 41.277%
12, 7.81332, 8854024.29447, 46797.25193, 36.564%
13, 0.10259, 391148303.86746, 1297402.89380, 44.156%
14, 0.10259, 951854907.86563, 1914259.97282, 39.401%
15, 0.10259, 31876595.15394, 71862.53378, 34.581%
16, 0.10259, 55154176.97663, 242470.48066, 52.222%
17, 0.10259, 219622300.98744, 885590.16127, 59.524%
18, 0.10259, 11518522.98655, 29983.04244, 62.447%
19, 0.10259, 740422.73016, 4516.87879, 59.735%
20, 0.10259, 5056349.92595, 21833.03572, 50.000%
21, 0.10259, 2078851293926.69043, 4158320638.81520, 54.222%
22, 0.10259, 103251550.33322, 242470.68769, 59.361%
23, 0.10259, 16809233.48398, 72197.87229, 55.066%
24, 0.10259, 22780481366330.74609, 45560964896.60320, 59.402%
25, 0.10259, 57743939945.65575, 115682107.40107, 57.522%
26, 0.10259, 868548454.70495, 1739710.43740, 56.195%
27, 0.10259, 445063.73106, 2184.16512, 61.991%
28, 0.10259, 746462637976.67700, 1492972741.58494, 52.915%
29, 0.10259, 78103416.67695, 167343.71487, 51.584%
30, 0.10259, 22281706.54457, 64707.83904, 55.556%
31, 0.10259, 102789306193.14595, 206170780.11266, 61.435%
32, 0.10259, 2477982.52437, 11794.68386, 62.963%
33, 0.10259, 29219542.71792, 70349.65407, 53.712%
34, 0.10259, 73284838.52469, 158547.79295, 59.111%
35, 0.10259, 1311152444.48739, 2684820.63717, 59.031%
36, 0.10259, 634408.17144, 2411.05241, 59.276%
37, 0.10259, 216832668.44996, 436166.33202, 59.565%
38, 0.10259, 1895941.51695, 10766.90142, 56.000%
39, 0.10259, 9444990.60959, 24989.85996, 57.965%
40, 0.10259, 884512297.11855, 2049256.24096, 55.459%
41, 0.10259, 799243929.79565, 1815944.25235, 56.195%
42, 0.10259, 4363532.68042, 11412.31038, 62.281%
43, 0.10259, 4504801.71649, 16626.58822, 57.848%
44, 0.10259, 1094846049.30236, 2205400.19279, 56.054%
45, 0.10259, 54347760.56498, 185145.21410, 59.471%
46, 0.10259, 1962461.96033, 8600.40317, 58.636%
47, 0.10259, 6920314938.19178, 14018728.69212, 58.850%
48, 0.10259, 403934075700.53931, 810423084.25274, 57.269%
49, 0.10259, 54032937.02821, 110124.74644, 56.356%
50, 0.10259, 31081804.45885, 72091.09731, 61.472%
51, 0.10259, 1251306819.68185, 3067770.05653, 55.947%
52, 0.10259, 6762571723.96942, 13534069.34765, 59.130%
53, 0.02645, 9052708010341.74414, 18105422152.46228, 55.556%
54, 0.02645, 95780002.69270, 336039.90749, 57.798%
55, 0.02645, 6154006003777.97070, 12331672732.34706, 45.595%
56, 0.02645, 85971363.25708, 217974.00012, 60.381%
57, 0.02645, 20354658.90834, 98877.90716, 55.111%
58, 0.02645, 14795257520.48676, 35763187.73130, 59.276%
59, 0.02645, 33771093701.16736, 67567947.81557, 65.351%
60, 0.02645, 84197527282949520.00000, 168395054702911.71875, 59.111%
61, 0.02645, 529009321.53924, 1072301.98048, 60.987%
62, 0.02645, 13148843.78992, 27245.33957, 59.375%
63, 0.02645, 230079856.30444, 629640.56119, 59.459%
64, 0.02645, 110689352937747.28125, 221378706885.92081, 56.034%
65, 0.02645, 555461314.83392, 1312200.83421, 59.735%
66, 0.02645, 26397277.24756, 82391.58993, 56.818%
67, 0.02645, 1379694454.65728, 2766071.09126, 56.637%
68, 0.02645, 411459957.71563, 844362.04920, 55.217%
69, 0.02645, 6149093426.52457, 12332842.23513, 50.649%
70, 0.02645, 19180254723.89735, 57489147.93047, 54.751%
71, 0.02645, 38595801355.26443, 77246874.06499, 55.111%
72, 0.02645, 4241949720.96431, 8491033.86308, 58.667%
73, 0.02645, 2933011.56391, 9880.23630, 63.111%
74, 0.02645, 1095708064806.69031, 2205275730.76775, 55.204%
75, 0.02645, 167335511.26120, 562435.26779, 60.699%
76, 0.02645, 40929031.79496, 124483.43661, 58.296%
77, 0.02645, 23498493.72759, 55874.22424, 60.268%
78, 0.02645, 345547909978.32037, 691099746.22727, 54.978%
79, 0.02645, 318464745.01265, 783516.11181, 60.177%
80, 0.02645, 27865789.03586, 63979.65542, 55.556%
81, 0.02645, 47292932384.00208, 95055906.93104, 59.375%
82, 0.02645, 14752444.62587, 67889.78944, 55.605%
83, 0.02645, 20402981612.45467, 40811704.49485, 57.333%
84, 0.02645, 37312429.64240, 226194.86746, 51.316%
85, 0.02645, 8722588095.47960, 17459535.43341, 65.789%
86, 0.02645, 243907995.21900, 547787.77519, 51.584%
87, 0.02645, 11452461349.36710, 22989643.25270, 51.293%
88, 0.02645, 131460611023.11412, 262941286.29527, 58.222%
89, 0.02645, 636293.87879, 5406.46811, 53.846%
90, 0.02645, 338778.67990, 1682.34318, 55.804%
91, 0.02645, 263610780.99099, 858650.95597, 58.621%
92, 0.02645, 473007.36897, 2556.54557, 58.009%
93, 0.02645, 6257843.16697, 13816.59284, 61.803%
94, 0.02645, 7211282772.82998, 19332993.33128, 53.363%
95, 0.02645, 34904962.69314, 83050.86153, 58.590%
96, 0.02645, 28556873.19877, 130086.83812, 52.838%
97, 0.02645, 265907.45949, 1728.19115, 58.772%
98, 0.02645, 1552066.46772, 9454.22691, 54.464%
99, 0.02645, 2960429436.20959, 7040641.27045, 56.140%
100, 0.02645, 5266532048.09501, 10543118.15023, 58.482%

Number of variables: 1
Tree:
ADD
L1: |---DIV
L2: |---|---MUL
L3: |---|---|---MUL
L4: |---|---|---|---0.246661700487
R4: |---|---|---|---MUL
L5: |---|---|---|---|---0.41863600601
R5: |---|---|---|---|---0.298366349907
R3: |---|---|---0.813681456703
R1: |---|---VAR1
R1: |---VAR1

Fitness: 0.0264470163871
Elapsed time: 72.481179 (s)