File: ../datasets/SR_div.txt
N_vars: 1 N_gens: 100 Pop_size: 500 XP: 0.9 MP: 0.05 TS: 20 MAX_D: 6 MIN_D: 1
[GEN], [BEST_FIT], [WORST_FIT], [AVG_FIT], [% BETTER CHILDREN]
1, 7.91613, 7012157116655.91699, 15247875785.22288, 33.937%
2, 7.84905, 1326146657.49998, 6653635.39918, 30.682%
3, 7.81210, 15882504166183.60352, 31787377151.14775, 18.363%
4, 7.81210, 561863260.43663, 1931279.97640, 23.904%
5, 7.81210, 327565446093.97406, 666845366.07772, 14.612%
6, 7.81089, 145009740465.28494, 290180702.20506, 31.223%
7, 7.81089, 896798760.40162, 2288471.60881, 44.064%
8, 7.81030, 4083211299.22491, 10884737.72864, 33.850%
9, 7.81030, 6240486.97207, 27618.35246, 58.043%
10, 7.81030, 15114585807466.21484, 30236936207.68406, 46.818%
11, 7.81030, 1737925611598.94336, 3576140238.53683, 36.623%
12, 7.81030, 449719125.57991, 1106082.27332, 46.256%
13, 7.81030, 46837669.90494, 132030.52904, 42.466%
14, 7.81030, 302851240.24445, 621429.34408, 41.850%
15, 7.81030, 3510095016.57529, 7437080.70327, 40.991%
16, 7.81030, 1321864182.83357, 2698975.66299, 38.914%
17, 7.81030, 728499533442.58057, 1457010834.88788, 45.622%
18, 7.81030, 595114842.91219, 1257675.45901, 36.036%
19, 7.81030, 7778848.24201, 47463.87541, 41.629%
20, 7.81030, 43642369632.93221, 87298807.34625, 37.339%
21, 7.81030, 7615330.36837, 16764.64713, 37.333%
22, 7.81030, 521189492.57510, 1180588.07847, 41.228%
23, 7.81030, 17710346391.89388, 57047548.65408, 38.696%
24, 7.81030, 2338413.07342, 13325.41484, 37.004%
25, 7.81030, 1153955.77729, 6276.28020, 37.557%
26, 7.81030, 498569252.63328, 1306761.41857, 36.522%
27, 7.81030, 116763732780.73904, 234598675.61101, 47.391%
28, 7.81030, 2078222582.98716, 4209116.31922, 40.948%
29, 7.81030, 4044194.43134, 16967.67340, 41.475%
30, 7.81030, 2286006588.85165, 9406130.29655, 33.186%
31, 7.81030, 61435126726.89614, 122972628.39804, 35.021%
32, 7.81030, 257724003757.45914, 515724135.89385, 42.667%
33, 7.81030, 10102710.37994, 27969.42731, 39.545%
34, 7.81030, 13802286801.64577, 27691207.06643, 39.381%
35, 7.81030, 19652951.34607, 121058.03588, 37.229%
36, 7.81030, 16424698679.28372, 33761889.57136, 32.727%
37, 7.81030, 7247189694.44486, 14608525.44516, 38.053%
38, 7.81030, 19378312080.36502, 97453715.79471, 42.857%
39, 7.81030, 2681049219.03657, 5517626.82354, 40.529%
40, 7.81030, 47295880.13120, 99059.94477, 41.410%
41, 7.81030, 5642057716.37636, 17328668.29338, 33.028%
42, 7.81030, 3299169249.31678, 6981839.09218, 41.204%
43, 7.81030, 2492179239.89293, 7077806.53358, 43.805%
44, 7.81030, 2964297.25166, 12271.38748, 41.631%
45, 7.81030, 1949123108.35538, 4070008.65892, 36.199%
46, 7.81030, 37618179587.14600, 79515381.48035, 35.111%
47, 7.81030, 39260710528.63079, 78525738.54046, 40.359%
48, 3.51900, 10138952.45571, 26374.00790, 42.222%
49, 3.51900, 72123876.42475, 247108.07863, 41.928%
50, 3.34252, 5791124723.44262, 13170590.54892, 32.444%
51, 1.90845, 115330990.85615, 519589.88027, 52.242%
52, 1.61554, 135759449345.56187, 288461843.56950, 38.688%
53, 1.52176, 492301080.63793, 1663678.90259, 45.474%
54, 0.49030, 78698448.68265, 303880.70172, 47.309%
55, 0.49030, 730617301002.14368, 1504188146.22262, 43.333%
56, 0.49030, 513916459.57939, 1093743.13313, 44.372%
57, 0.49030, 395057473.64750, 1370595.14176, 61.111%
58, 0.49030, 29718850.60188, 68240.39788, 66.071%
59, 0.49030, 48582198.39568, 113910.92293, 55.752%
60, 0.49030, 8369683.85572, 27401.59490, 59.155%
61, 0.49030, 70789501.88529, 172721.70292, 63.850%
62, 0.49030, 5818932075.68848, 11775666.33568, 60.909%
63, 0.49030, 6579731.02810, 57569.81784, 61.290%
64, 0.49030, 26948100015.68525, 54485812.90469, 55.603%
65, 0.32623, 308231730309.93805, 617666126.81383, 58.482%
66, 0.32623, 1025153246134.29614, 2067555661.27746, 51.345%
67, 0.32623, 62012976.29537, 277141.95221, 42.222%
68, 0.32623, 22874557.82360, 90418.91389, 59.009%
69, 0.32623, 58998976.35380, 260521.51494, 56.828%
70, 0.32623, 1382504.71510, 4342.63427, 67.249%
71, 0.32623, 107662734.71269, 258226.76753, 58.772%
72, 0.32623, 33724158.54511, 134022.18453, 56.221%
73, 0.32623, 124283919.78890, 254813.46070, 62.385%
74, 0.32623, 147066166.12749, 420795.35974, 57.269%
75, 0.32623, 28659645.83078, 128889.72222, 60.526%
76, 0.02469, 1367100.74879, 4237.47223, 59.821%
77, 0.02469, 27932824071.78796, 56125270.70718, 62.326%
78, 0.02469, 8673359180.83031, 17383374.91968, 51.087%
79, 0.02469, 606068738.95775, 1222736.54763, 56.726%
80, 0.02469, 210719044.11528, 424337.12201, 56.957%
81, 0.02469, 2114209.25057, 10502.12281, 53.182%
82, 0.02469, 6770179.67554, 19982.67048, 60.169%
83, 0.02469, 7430973.68411, 39756.28400, 58.744%
84, 0.02469, 318374357.93457, 698138.89777, 53.982%
85, 0.02469, 17224294261.78806, 62067581.05866, 54.587%
86, 0.02469, 6915697.51921, 20575.23001, 57.642%
87, 0.02469, 11181755.27542, 34873.24271, 62.946%
88, 0.02469, 603784964.94425, 1215029.59477, 61.607%
89, 0.02469, 71250044.10657, 271654.07293, 58.850%
90, 0.02469, 46606485.12439, 123900.19136, 58.296%
91, 0.02469, 68380245.72434, 252151.48816, 56.621%
92, 0.02469, 101345329.40604, 223535.60694, 55.405%
93, 0.02469, 156871.81985, 858.41559, 57.265%
94, 0.02469, 19422621.67563, 43681.71817, 51.754%
95, 0.02469, 4293456.35151, 22225.39740, 51.754%
96, 0.02469, 2097895835.04763, 4228146.69963, 58.621%
97, 0.02469, 68833846.76308, 148561.80550, 60.426%
98, 0.02469, 443518882.90299, 1214563.25978, 54.626%
99, 0.02469, 487117542.30093, 1653645.57376, 59.633%
100, 0.02469, 11768605.51608, 24528.43082, 63.436%

Number of variables: 1
Tree:
ADD
L1: |---DIV
L2: |---|---MUL
L3: |---|---|---0.328389934152
R3: |---|---|---0.0759319104745
R1: |---|---VAR1
R1: |---VAR1

Fitness: 0.0246937796488
Elapsed time: 73.473806 (s)