  3.0901699437494723e-001 -9.5105651629515364e-001
  5.3582679497899655e-001  8.4432792550201508e-001
  5.3582679497899677e-001 -8.4432792550201496e-001
 -7.2896862742141133e-001  6.8454710592868884e-001
 -8.0901699437494734e-001  5.8778525229247325e-001
  6.3742398974868975e-001  7.7051324277578925e-001
 -8.7630668004386358e-001  4.8175367410171521e-001
 -8.7630668004386358e-001 -4.8175367410171538e-001
 -9.2977648588825146e-001 -3.6812455268467792e-001
  9.6858316112863097e-001 -2.4868988716485535e-001
  9.2977648588825146e-001 -3.6812455268467786e-001
 -3.0901699437494712e-001  9.5105651629515364e-001
 -9.6858316112863097e-001  2.4868988716485524e-001
  3.0901699437494745e-001  9.5105651629515353e-001
  9.6858316112863108e-001  2.4868988716485479e-001
 -5.3582679497899632e-001 -8.4432792550201530e-001
  9.9211470131447776e-001 -1.2533323356430465e-001
 -9.6858316112863119e-001 -2.4868988716485457e-001
  6.2790519529313527e-002  9.9802672842827156e-001
 -9.2977648588825135e-001  3.6812455268467814e-001
  1.8738131458572474e-001  9.8228725072868861e-001
 -7.2896862742141177e-001 -6.8454710592868839e-001
 -1.0000000000000000e+000  1.2246467991473532e-016
 -9.9211470131447788e-001 -1.2533323356430429e-001
  9.2977648588825146e-001  3.6812455268467792e-001
 -3.0901699437494756e-001 -9.5105651629515353e-001
 -4.2577929156507216e-001 -9.0482705246601980e-001
  1.8738131458572427e-001 -9.8228725072868872e-001
 -6.3742398974868975e-001  7.7051324277578925e-001
  7.2896862742141122e-001 -6.8454710592868895e-001
  4.2577929156507266e-001  9.0482705246601958e-001
 -5.3582679497899688e-001  8.4432792550201496e-001
  8.7630668004386358e-001  4.8175367410171532e-001
  9.9211470131447788e-001  1.2533323356430426e-001
 -6.3742398974868952e-001 -7.7051324277578936e-001
  4.2577929156507183e-001 -9.0482705246601991e-001
 -9.9211470131447776e-001  1.2533323356430454e-001
 -8.0901699437494778e-001 -5.8778525229247269e-001
  8.7630668004386314e-001 -4.8175367410171610e-001
  8.0901699437494745e-001  5.8778525229247314e-001
 -1.8738131458572460e-001  9.8228725072868872e-001
 -4.2577929156507272e-001  9.0482705246601947e-001
  8.0901699437494734e-001 -5.8778525229247336e-001
 -6.2790519529313207e-002 -9.9802672842827156e-001
  1.0000000000000000e+000 -2.4492935982947064e-016
 -6.2790519529313402e-002  9.9802672842827156e-001
  6.2790519529312833e-002 -9.9802672842827156e-001
  7.2896862742141155e-001  6.8454710592868862e-001
  6.3742398974868930e-001 -7.7051324277578959e-001
 -1.8738131458572463e-001 -9.8228725072868872e-001
