 -4.6000000000000002e-001 -5.1434782608695651e-001
 -1.2000000000000000e-001 -3.2833333333333337e-001
  4.7999999999999998e-001  5.3208333333333335e-001
  2.8000000000000003e-001  3.6928571428571433e-001
  3.2000000000000001e-001  3.9812500000000001e-001
 -4.1999999999999998e-001 -4.7952380952380952e-001
  3.8000000000000000e-001  4.4578947368421051e-001
  4.0000000000000002e-001  4.6250000000000002e-001
  1.6000000000000000e-001  3.1625000000000003e-001
 -5.9999999999999998e-002 -4.7666666666666668e-001
  2.6000000000000001e-001  3.5615384615384615e-001
 -2.0000000000000001e-001 -3.2500000000000001e-001
  1.0000000000000001e-001  3.4999999999999998e-001
 -3.2000000000000001e-001 -3.9812500000000001e-001
 -3.8000000000000000e-001 -4.4578947368421051e-001
  8.0000000000000002e-002  3.9250000000000002e-001
 -1.4000000000000001e-001 -3.1857142857142862e-001
  4.6000000000000002e-001  5.1434782608695651e-001
 -3.5999999999999999e-001 -4.2944444444444441e-001
 -4.0000000000000001e-002 -6.6500000000000004e-001
 -2.0000000000000000e-002 -1.2700000000000000e+000
 -1.7999999999999999e-001 -3.1888888888888889e-001
 -1.0000000000000001e-001 -3.4999999999999998e-001
 -2.2000000000000000e-001 -3.3363636363636362e-001
 -4.0000000000000002e-001 -4.6250000000000002e-001
 -4.4000000000000000e-001 -4.9681818181818183e-001
  1.7999999999999999e-001  3.1888888888888889e-001
  2.2000000000000000e-001  3.3363636363636362e-001
  4.1999999999999998e-001  4.7952380952380952e-001
  1.2000000000000000e-001  3.2833333333333337e-001
  2.3999999999999999e-001  3.4416666666666668e-001
  3.5999999999999999e-001  4.2944444444444441e-001
  2.9999999999999999e-001  3.8333333333333330e-001
 -1.6000000000000000e-001 -3.1625000000000003e-001
 -2.8000000000000003e-001 -3.6928571428571433e-001
  2.0000000000000000e-002  1.2700000000000000e+000
  5.2000000000000002e-001  5.6807692307692315e-001
  3.4000000000000002e-001  4.1352941176470592e-001
  1.4000000000000001e-001  3.1857142857142862e-001
  2.0000000000000001e-001  3.2500000000000001e-001
  4.4000000000000000e-001  4.9681818181818183e-001
 -2.6000000000000001e-001 -3.5615384615384615e-001
  5.9999999999999998e-002  4.7666666666666668e-001
 -4.7999999999999998e-001 -5.3208333333333335e-001
 -2.3999999999999999e-001 -3.4416666666666668e-001
 -3.4000000000000002e-001 -4.1352941176470592e-001
  4.0000000000000001e-002  6.6500000000000004e-001
 -2.9999999999999999e-001 -3.8333333333333330e-001
  5.0000000000000000e-001  5.5000000000000004e-001
 -8.0000000000000002e-002 -3.9250000000000002e-001
