 -3.8000000000000000e-001 -4.7472898478883807e-001
  2.8000000000000003e-001  4.0341039569281278e-001
 -1.7999999999999999e-001 -3.0173706886990870e-001
  4.1999999999999998e-001  5.4590993903979457e-001
  3.2000000000000001e-001  2.8719397503101862e-001
  1.7999999999999999e-001  2.7001769942094322e-001
  1.0000000000000001e-001  3.3221206160690048e-001
  2.6000000000000001e-001  2.7264336765848496e-001
 -2.8000000000000003e-001 -3.0533446331999070e-001
 -2.0000000000000001e-001 -3.8096940422864728e-001
  5.9999999999999998e-002  4.0422680892939261e-001
 -3.2000000000000001e-001 -3.8835106551303383e-001
  1.6000000000000000e-001  2.9318814518808778e-001
  3.8000000000000000e-001  4.2632743999544875e-001
  4.0000000000000001e-002  6.7816171190404539e-001
 -1.0000000000000001e-001 -3.1442652469904098e-001
 -8.0000000000000002e-002 -4.6954064934142820e-001
 -4.4000000000000000e-001 -5.3248153711362711e-001
 -1.2000000000000000e-001 -2.7462958811647092e-001
  2.2000000000000000e-001  3.7824901719779586e-001
  1.2000000000000000e-001  3.7550703896293181e-001
  2.0000000000000001e-001  3.6159433957072629e-001
 -5.9999999999999998e-002 -5.3523796171522187e-001
 -4.1999999999999998e-001 -4.5916271623104987e-001
  1.4000000000000001e-001  3.2160260419440789e-001
 -1.6000000000000000e-001 -3.6520882279007477e-001
 -2.3999999999999999e-001 -3.3725186687172004e-001
  2.9999999999999999e-001  4.0332973942064904e-001
 -2.6000000000000001e-001 -3.5028005270434925e-001
 -4.0000000000000002e-001 -4.3322606192554969e-001
 -4.6000000000000002e-001 -5.8832181270270500e-001
 -3.4000000000000002e-001 -4.0571967726878833e-001
  4.4000000000000000e-001  4.9325100446937453e-001
  2.3999999999999999e-001  4.1511297925292939e-001
 -4.0000000000000001e-002 -7.0152031087130018e-001
  4.7999999999999998e-001  4.8062340600686376e-001
 -1.4000000000000001e-001 -4.0097404751232413e-001
 -3.5999999999999999e-001 -4.9989394225447925e-001
  4.6000000000000002e-001  4.8736452207246916e-001
  5.0000000000000000e-001  5.5748648117769928e-001
  2.0000000000000000e-002  1.4154241473320166e+000
  4.0000000000000002e-001  4.5139563383845555e-001
  3.5999999999999999e-001  3.9133009193580748e-001
  8.0000000000000002e-002  4.8750831047699239e-001
 -2.2000000000000000e-001 -3.4466227090854246e-001
  5.2000000000000002e-001  6.4652268144964242e-001
 -2.0000000000000000e-002 -1.1669388787238735e+000
  3.4000000000000002e-001  4.2013374302067108e-001
 -2.9999999999999999e-001 -3.3258116247294478e-001
 -4.7999999999999998e-001 -5.6861267892045231e-001
