  6.5667813557855848e+000  2.8068062824790010e+000
  2.7027075645835126e+000  1.6755650990619144e+000
  6.7932553867696024e+000  2.6422541667692769e+000
  2.4652093577464558e+000  1.9676081137926178e+000
  2.9105993908956953e+000  3.3369593270612667e+000
  3.1200062588123618e+000  3.3648799480003340e+000
  3.7303325123513069e+000  3.7616051152916676e+000
  6.7373607296673184e+000  2.3078422220739214e+000
  4.5887540317016589e+000  3.7101001633456523e+000
  3.5214862378826894e+000  1.2957855732940287e+000
  5.4221444525065463e+000  3.7484607065133724e+000
  4.9782136239982968e+000  1.3487122170498644e+000
  2.3671831105505658e+000  2.0294580833821736e+000
  3.2562132438524416e+000  1.4368971696494810e+000
  2.2518813678856819e+000  2.8253584566603953e+000
  6.7423348849157225e+000  2.4901234014108140e+000
  4.3598688737771836e+000  1.1795403960372819e+000
  6.4496909679181664e+000  1.8085476093992841e+000
  6.4245267481275317e+000  2.8791673746718995e+000
  3.5228439402486864e+000  3.6179242722568614e+000
  4.6028142910287286e+000  1.1606376244199801e+000
  3.7959353152698090e+000  1.3756660601136774e+000
  2.6232603624550883e+000  3.1496728339314974e+000
  5.6505474303201790e+000  1.4206211255368479e+000
  4.9491318134743398e+000  3.6441473677918239e+000
  6.2908201517856384e+000  3.1174631155585559e+000
  6.7518916588834754e+000  2.8915870206970684e+000
  2.4516839451300569e+000  2.9018621164648004e+000
  5.2277039842137398e+000  1.1396129265683634e+000
  2.5757535508244520e+000  3.3061798236951097e+000
  2.8506843769381986e+000  1.6148283910864145e+000
  5.7250894552821157e+000  3.4287298177516528e+000
  5.9095152205392223e+000  3.4738468206239510e+000
  2.2623295575201054e+000  2.1326742354688140e+000
  5.2263438737881094e+000  3.5123552062458376e+000
  6.6083422221710517e+000  2.0097902620851791e+000
  6.3105613970214502e+000  1.7879147382188647e+000
  4.3690437455134505e+000  3.8444294681233679e+000
  4.0668193422045720e+000  1.2781625320402275e+000
  6.7151501119545385e+000  2.1075673887160211e+000
  4.0789120380231410e+000  3.7282652869118280e+000
  2.5018990352822761e+000  1.8231288606884255e+000
  2.2749696503730235e+000  2.3991287056441601e+000
  5.9386286577287679e+000  1.4669532896551789e+000
  5.4624776742333854e+000  1.4627277106360077e+000
  6.1318593691227550e+000  3.3449949507398582e+000
  2.3810418581746928e+000  2.6642671518735415e+000
  3.0964639375180525e+000  1.5970838142749102e+000
  3.3021238884118733e+000  3.5742306697525370e+000
  5.9964535035470430e+000  1.4989398516145878e+000
