
File: ../datasets/yacht_hydrodynamics.txtFinal results.
SEED: N_vars: 6 N_gens: 100 Pop_size: 500 XP: 0.6 MP: 0.3 TS: 20 MAX_D: 5 MIN_D: 1
ARITHMETIC MEAN OF ALL EXECUTIONS
GEN, BEST, WORST, AVG, %BETTER CHILDREN

1, 2495.72924638, 1.60737036959e+14, 321474655713.0, 0.0
2, 2317.61236367, 40194454421.9, 80548225.3738, 27.736984404
3, 2212.22798376, 1.21023487252e+15, 2.42046990082e+12, 26.6155739172
4, 1889.61399604, 4565379563.38, 9291640.5226, 22.0192564282
5, 1781.24869129, 1.55086785294e+16, 3.10173582896e+13, 22.9948554717
6, 1559.02405748, 140893334.127, 425422.344674, 21.6906909677
7, 1256.52120609, 369528220.35, 854245.689422, 20.5785480718
8, 1176.16358028, 5.58219824016e+17, 1.11643964833e+15, 19.6384198858
9, 1099.31590434, 144356098.132, 416648.898528, 21.9780614012
10, 1043.47949551, 571444675.978, 1949219.24268, 19.9486975946
11, 964.209001772, 5.81635270195e+15, 1.16327056804e+13, 18.3330140791
12, 951.896313981, 136968699.738, 483599.409425, 19.1020862654
13, 914.495317181, 1798049430.33, 3931247.82137, 17.2286428006
14, 889.938922463, 153615606.425, 430929.319716, 18.6055050284
15, 862.103723323, 85190997.7094, 289517.529653, 18.9254957153
16, 842.232712044, 8.17611786746e+18, 1.63522357352e+16, 18.4445917514
17, 815.511074702, 184067973.497, 559388.619897, 18.7493495683
18, 799.738747766, 3009267669.83, 6212045.27857, 18.6104756463
19, 788.121170023, 1.9303759167e+15, 3.86075191775e+12, 17.9864594848
20, 780.993028029, 2.2559995056e+14, 451200036468.0, 20.2138374272
21, 770.632256307, 2598308175.89, 6050000.87819, 20.9238460744
22, 761.78940974, 3.0127503484e+17, 6.02550070308e+14, 23.8969730016
23, 744.382624245, 158753960.979, 526989.133843, 21.4862750732
24, 726.177092612, 293975163.785, 909605.169579, 21.4257523307
25, 714.078818802, 296816087.301, 723668.474785, 20.5892506806
26, 695.156714768, 1315167714.61, 2902633.79217, 22.3633019378
27, 689.627859476, 5.63037488118e+16, 1.12607497859e+14, 18.3669468767
28, 687.924805657, 72139757.3073, 237558.235929, 18.0746504171
29, 685.021542785, 839890432.794, 1989813.98769, 18.4060116361
30, 682.68242055, 1385342564.71, 3079738.11773, 17.2938069423
31, 679.18713337, 252301298.503, 784839.963225, 21.6150559457
32, 672.830645389, 1859455107.77, 3863688.22805, 21.0515566258
33, 659.495514681, 123998333.588, 406530.917526, 21.7300264591
34, 656.266596282, 238225252.206, 578779.767368, 22.603088551
35, 655.116919266, 738114238.966, 1639761.72259, 21.2590216444
36, 650.243433461, 279285104.975, 775758.729866, 20.3940970064
37, 649.409057381, 1776535789.67, 3675952.37215, 24.4072602052
38, 648.278515775, 9.4587060389e+12, 18917565944.1, 23.3922476669
39, 643.765684926, 1554434181.07, 3616394.45187, 24.2190942482
40, 643.600047532, 372871566.463, 921576.822893, 23.3858345564
41, 635.874511126, 10828252392.0, 21754847.2243, 24.0474344749
42, 633.788840517, 1.11301575355e+18, 2.22603150719e+15, 22.3651497147
43, 615.403328304, 34826486766.3, 71097356.2603, 23.8059151333
44, 588.985032603, 6.24149883692e+18, 1.24829976741e+16, 21.3814229919
45, 580.313175008, 3129677899.81, 6534365.04607, 23.4336016926
46, 572.151528697, 790807902.377, 2111358.95286, 22.4171629074
47, 570.990222379, 4.04298363232e+14, 808596904248.0, 24.8036786278
48, 568.306615282, 1320454705.52, 2810892.32344, 22.4211652769
49, 567.211797758, 240397228.899, 624587.011269, 23.1102146365
50, 563.196900303, 321248729.854, 853624.779509, 25.0285982666
51, 561.860851438, 7103030050.93, 14940675.4305, 22.3505566767
52, 559.48599677, 6222301680.94, 12553997.7666, 22.8944264618
53, 558.557688086, 1678466184.73, 5628534.85513, 22.0531994332
54, 555.790517701, 1.00763965315e+14, 201528446296.0, 19.3278470464
55, 553.106711339, 123497008.96, 395258.923214, 21.1339520977
56, 552.322548726, 91757340.696, 333491.806399, 23.5514810911
57, 552.106126078, 305671402.795, 728097.429239, 19.2009432605
58, 552.106126078, 54227283.7172, 235535.680548, 20.8900247743
59, 550.863051127, 261178179.813, 764865.397645, 21.3864041106
60, 550.284052578, 1453252123.59, 3266225.76177, 21.1281121919
61, 550.197837212, 7986137936.31, 16089370.4329, 21.6585585991
62, 549.741097024, 5.82102763361e+16, 1.16420552787e+14, 20.9489114539
63, 549.036763277, 292077589.268, 815465.29865, 22.2827931683
64, 548.918724021, 115869291.188, 372962.20526, 21.6712814596
65, 548.264151321, 1.41791310274e+17, 2.83582620644e+14, 21.2746553487
66, 547.166035072, 576586730.406, 1777902.20368, 22.2982135108
67, 542.871149426, 49140044.7151, 178724.713074, 21.4268828869
68, 538.39576845, 8.66706951673e+15, 1.73341392359e+13, 21.6742118949
69, 537.945448455, 169224771.879, 440260.568995, 24.3067508846
70, 537.526159006, 583689583.344, 1318258.02443, 22.803052339
71, 536.950178418, 4.52371088921e+13, 90474473623.4, 23.8242864707
72, 533.49906261, 1.26660169018e+14, 253320531027.0, 24.9084622611
73, 533.36490624, 6570408823.65, 18266138.0434, 23.5292198188
74, 533.078163076, 730653456.426, 1659543.81594, 24.1108847867
75, 532.748821681, 125408714.756, 494585.31408, 22.6180094057
76, 531.013462014, 45565110.7726, 193912.939799, 23.2331701192
77, 530.899129171, 157345175.573, 717043.170249, 21.6756075616
78, 530.899129171, 528622683.277, 1144091.42496, 23.5219566176
79, 526.881938131, 762319522.57, 1685814.15252, 25.2718542332
80, 526.602533299, 209282558.325, 523237.295936, 25.9266911294
81, 526.602533299, 3.56460980117e+15, 7.12921974447e+12, 25.3640603467
82, 525.820446655, 7090372777.55, 14283841.859, 24.3518119178
83, 524.261818348, 130497114.641, 456046.189835, 22.3042102837
84, 524.206764272, 79922029.7118, 235918.628731, 24.2060011628
85, 523.546287785, 1576716528.26, 3336771.54059, 24.2310199139
86, 523.227528561, 90305002.2067, 301825.293202, 23.7859994413
87, 519.750184002, 4.82247214892e+15, 9.6449445086e+12, 24.3372229806
88, 519.661749678, 2013324696.74, 4311985.89351, 25.4957657427
89, 518.908810469, 175509258.917, 465129.18701, 23.0870458015
90, 518.433124551, 291801056.348, 677047.518723, 22.9394475347
91, 518.433124551, 8.70805066193e+13, 174161336762.0, 23.0376311277
92, 518.149055502, 300192495.614, 777630.119846, 22.6914297837
93, 517.698469424, 531748863.491, 1257120.68992, 25.1157713942
94, 517.698469424, 334670275.76, 813006.111296, 23.8808973704
95, 517.240581764, 5.96727216809e+14, 2.16027030861e+12, 21.4914328254
96, 517.094911823, 228764972.959, 695557.439802, 23.9845727249
97, 516.627735682, 1146159464.25, 2462801.18459, 22.1746385118
98, 512.883681075, 2191844187.44, 4643303.52594, 23.275682256
99, 512.629062464, 21840349950.2, 44396198.5108, 23.491925314
100, 512.629062464, 602463021.122, 1499887.73457, 21.204020808