File: ../datasets/SR_div_noise.txt
N_vars: 1 N_gens: 100 Pop_size: 500 XP: 0.9 MP: 0.05 TS: 20 MAX_D: 6 MIN_D: 1
[GEN], [BEST_FIT], [WORST_FIT], [AVG_FIT], [% BETTER CHILDREN]
1, 8.55814, 9664401240076.56055, 19336274219.30694, 50.885%
2, 8.51135, 704644675.34928, 1460227.11084, 33.333%
3, 8.24449, 14296394534.59102, 47416354.11667, 23.767%
4, 8.24449, 10829910308327.46680, 22127595594.89759, 25.647%
5, 7.32984, 1286715855.58767, 9101584.57133, 38.938%
6, 7.32984, 29161656.87790, 88620.52930, 52.889%
7, 7.32984, 19147314805.93801, 38449749.15173, 43.750%
8, 3.47803, 1233605853.83673, 2690648.80386, 56.444%
9, 3.47803, 14333000.39380, 47815.87394, 52.851%
10, 3.47803, 1202760263056.84180, 2405811565.01864, 42.922%
11, 3.47803, 796370336.89252, 2482922.36018, 56.957%
12, 3.47803, 21132974.86345, 51817.96506, 56.951%
13, 3.47803, 535299114.30170, 1523133.87363, 63.043%
14, 3.47803, 18582903.84615, 79690.82564, 60.526%
15, 2.32089, 15441763030.11618, 31135979.01709, 65.158%
16, 2.16523, 890944649.54772, 2037237.13725, 54.464%
17, 2.16523, 3260835639.30912, 6572265.68697, 43.274%
18, 2.16523, 95025870413482.23438, 190062772931.23831, 47.653%
19, 2.16523, 15391703416238.48828, 30793937612.56049, 29.956%
20, 2.16523, 318588814979.03070, 638600837.63609, 42.273%
21, 2.16523, 1978165358.88064, 4494955.75900, 38.991%
22, 2.16523, 1131391372268.04346, 2265041229.04166, 35.426%
23, 2.16523, 303611754.99915, 614436.76532, 35.021%
24, 2.16523, 93482543.58413, 244102.42413, 35.526%
25, 2.16523, 471206183.82584, 1085982.33307, 40.625%
26, 2.16523, 59692218.02964, 170728.33655, 38.636%
27, 2.16523, 138117550698.21106, 276956812.46583, 37.946%
28, 2.16523, 22539839.11751, 51831.47941, 38.565%
29, 2.16523, 504872563.37543, 1217165.73497, 41.629%
30, 2.16523, 112278551741.13670, 224814881.59075, 39.738%
31, 2.16523, 3538745965.78761, 9883640.77222, 38.053%
32, 2.16523, 87171637.66549, 243865.01084, 38.914%
33, 2.16523, 20416945729.83985, 82511574.53203, 35.455%
34, 2.16523, 812815967.65631, 1662498.70532, 42.009%
35, 2.16523, 1213129501.96014, 2477196.72361, 38.914%
36, 2.16523, 743886365914.10889, 1487866696.51601, 38.298%
37, 2.16523, 1513869547.95233, 3052013.86844, 37.500%
38, 2.16523, 16739615593.96554, 46525973.48747, 47.639%
39, 2.16523, 145974022870.12259, 292011354.82954, 36.771%
40, 2.16523, 4594460087112.05273, 9602351385.85415, 36.444%
41, 2.16523, 414433582.22663, 1436287.56006, 37.885%
42, 2.16523, 110275502.68307, 499028.14546, 37.220%
43, 2.16523, 655149152.32583, 1430120.62487, 34.934%
44, 2.16523, 77758359.71298, 179996.71426, 37.778%
45, 2.16523, 11768876.43300, 33381.16002, 33.333%
46, 2.16523, 9106632061.37961, 18239154.09842, 35.965%
47, 2.16523, 1512849312.17192, 3204924.86237, 38.249%
48, 2.16523, 29841204972.69564, 79557712.11975, 33.641%
49, 2.16523, 7330426.99941, 27928.82208, 37.611%
50, 2.16523, 255754222.99180, 522014.04922, 35.965%
51, 2.16523, 203612515246.36902, 451100159.46284, 34.513%
52, 2.16523, 287601411.54937, 599525.50407, 34.914%
53, 2.16523, 5813445639108.81152, 11637401617.39346, 29.694%
54, 2.16523, 5696296333.54035, 16584132.29411, 37.443%
55, 2.16523, 112517344.13092, 239367.47847, 39.367%
56, 2.16523, 143179224.23906, 665214.89440, 40.708%
57, 2.16523, 186445801.64535, 479247.78837, 40.455%
58, 2.16523, 10112677.58916, 29743.45694, 41.228%
59, 2.16523, 20148292890.81564, 40842761.41112, 30.667%
60, 2.16523, 19521078.83387, 89378.55667, 43.439%
61, 2.16523, 741861996.61424, 1611371.79139, 33.790%
62, 2.16523, 2265972580047.43896, 5936586180.28933, 37.333%
63, 2.16523, 136575552.42672, 461475.82178, 47.032%
64, 2.16523, 413362272.94516, 954076.19778, 31.839%
65, 2.16523, 168417221.67762, 430785.12558, 35.345%
66, 2.16523, 63853017288.76867, 127729413.47787, 42.920%
67, 2.16523, 136355528.90090, 384046.60197, 35.242%
68, 2.16523, 10080268480.14155, 20289180.40037, 39.631%
69, 2.16523, 76021392.14529, 214153.31666, 34.468%
70, 2.16523, 469524874804.23169, 1070425743.50889, 38.249%
71, 2.16523, 6194447.89600, 20042.03939, 43.421%
72, 2.16523, 80671036.83765, 288502.64968, 37.838%
73, 2.16523, 2212809.27226, 9479.97768, 37.333%
74, 2.16523, 13200880621760.11133, 26410073757.60578, 37.445%
75, 2.16523, 4332438671.32808, 9660909.58763, 36.404%
76, 2.16523, 5761447545.49475, 11861618.66096, 37.168%
77, 2.16523, 15798467.62252, 55370.57301, 39.171%
78, 2.16523, 3995963966.74585, 8026778.49136, 42.358%
79, 2.16523, 115893845.11519, 503528.70473, 36.161%
80, 2.16523, 62641741736.85046, 126155577.61308, 34.685%
81, 2.16523, 853350021.80126, 1957019.13893, 36.681%
82, 2.16523, 121013816.14076, 376971.38152, 39.738%
83, 2.16523, 223633396.87598, 459605.13447, 37.719%
84, 2.16523, 557425096.59677, 1142070.57473, 37.662%
85, 2.16523, 4118547707476654.50000, 8238347072598.14844, 45.175%
86, 2.16523, 120788686.82045, 268038.74388, 37.229%
87, 2.16523, 2586086650332.52490, 5172248553.93738, 39.224%
88, 2.16523, 90356347.68246, 349038.45634, 35.345%
89, 2.16523, 437716865.96082, 939843.15019, 31.364%
90, 2.16523, 2288646600.29067, 4999364.44246, 34.513%
91, 2.16523, 48128718.25448, 128458.93053, 40.000%
92, 2.16523, 853368980.44362, 1892248.15032, 40.889%
93, 2.16523, 356829863041.79260, 801605752.04221, 34.978%
94, 2.16523, 22926570.17225, 68530.84758, 38.393%
95, 2.16523, 133393762.33187, 325582.09336, 35.747%
96, 2.16523, 4475854077.51168, 12484744.39166, 37.557%
97, 2.16523, 3616530.70325, 25785.15790, 40.455%
98, 2.16523, 654443921.03177, 1368229.18394, 38.596%
99, 2.16523, 18538104.55070, 50439.84691, 35.000%
100, 2.16523, 727504724.59263, 1929470.66984, 39.035%

Number of variables: 1
Tree:
ADD
L4: |---VAR1
R1: |---DIV
L2: |---|---DIV
L3: |---|---|---0.986046676377
R3: |---|---|---DIV
L4: |---|---|---|---0.774057048322
R4: |---|---|---|---0.255298674893
R2: |---|---DIV
L3: |---|---|---DIV
L4: |---|---|---|---VAR1
R4: |---|---|---|---0.11493164141
R3: |---|---|---0.683070825394

Fitness: 2.16523366438
Elapsed time: 86.220967 (s)