File: ../datasets/SR_div_noise.txt
N_vars: 1 N_gens: 100 Pop_size: 500 XP: 0.9 MP: 0.05 TS: 20 MAX_D: 6 MIN_D: 1
[GEN], [BEST_FIT], [WORST_FIT], [AVG_FIT], [% BETTER CHILDREN]
1, 8.59628, 10596878909.52249, 31713289.03241, 30.942%
2, 6.89750, 28151456864.10597, 59978465.38030, 27.948%
3, 6.89750, 12034907657.97687, 26111508.29052, 26.222%
4, 6.89750, 17171100799.93632, 58231632.80183, 25.771%
5, 6.70147, 112149286101.07420, 226161914.92239, 49.321%
6, 6.70147, 367713759.43472, 863317.07987, 53.348%
7, 6.70147, 1561200028618.42188, 3208194636.92871, 43.805%
8, 6.53642, 886605963.04419, 2150903.23702, 47.748%
9, 6.53642, 183377079.25655, 375433.35187, 49.567%
10, 6.03762, 4259542890279.57324, 8542536491.11510, 27.876%
11, 6.03762, 8811973144.60266, 27667339.68228, 35.153%
12, 6.03762, 725119422.49714, 1534384.35446, 31.081%
13, 6.03762, 91695230.03305, 581379.68793, 43.468%
14, 6.03762, 8909387.21347, 54591.65366, 43.556%
15, 6.03762, 44144306325.72320, 88671457.09244, 46.983%
16, 6.03762, 1239152.35544, 5708.05913, 45.022%
17, 6.03762, 6373056.52582, 14152.45213, 43.478%
18, 6.03762, 2655322488.81590, 5527818.68151, 42.922%
19, 6.03762, 4627614.27189, 29076.47307, 44.595%
20, 6.03762, 33297329240.00856, 66597412.97014, 39.207%
21, 6.03762, 23921333.48068, 100669.59593, 46.121%
22, 6.03762, 2536717297.96961, 6286969.12742, 41.304%
23, 6.03762, 518001990.47696, 1098013.97113, 43.231%
24, 6.03762, 58456334.93628, 179433.02120, 40.529%
25, 6.03762, 4309384209.56837, 8755767.01639, 49.123%
26, 6.03762, 19991245.85193, 57088.73464, 41.150%
27, 6.03762, 12472910.91049, 53351.97513, 36.087%
28, 6.03762, 105700938548.74069, 211516375.79505, 38.667%
29, 4.27203, 628514929278.85925, 1274851329.86988, 42.534%
30, 4.27203, 347069953457.59155, 694634938.09069, 38.646%
31, 2.74738, 64393485925.46162, 228249270.74538, 30.176%
32, 2.16525, 34122342.49914, 113854.30237, 39.648%
33, 2.16525, 33081471.52118, 167306.49551, 37.336%
34, 2.16525, 172449465.14632, 460167.06266, 39.333%
35, 2.16525, 109936172335.70193, 220045755.67294, 43.256%
36, 2.16525, 3844937995.51929, 10433373.95532, 43.779%
37, 2.16525, 196284155907.68295, 464794492.08507, 46.983%
38, 2.16525, 353920796430.53033, 707847028.61719, 44.395%
39, 2.16525, 11117415062.48142, 23906382.41324, 44.934%
40, 2.16525, 16813682025.99517, 33814524.60097, 49.785%
41, 2.16525, 8616570.53874, 40387.86214, 43.913%
42, 2.16525, 14360579.44376, 37363.45683, 44.589%
43, 2.16525, 1007811842.26854, 2120960.98815, 40.088%
44, 2.16525, 183611.78134, 1569.48691, 39.381%
45, 2.16525, 94801666622.07053, 189763196.40050, 40.870%
46, 2.16525, 853842486.88187, 1937203.68791, 40.265%
47, 2.16525, 511703138.70583, 2347862.40328, 42.222%
48, 2.16525, 265209311.75077, 538085.62435, 46.188%
49, 2.16525, 808506486392440.75000, 1617013036335.90088, 42.667%
50, 2.16525, 548685483882.09772, 1123965835.68892, 41.304%
51, 2.16525, 420446015.25176, 1075636.24739, 43.578%
52, 2.16525, 852420205.33134, 2773904.24284, 45.536%
53, 2.16525, 6267959848.35622, 18135161.56246, 42.667%
54, 2.16525, 11719324848.12266, 23479682.62015, 46.491%
55, 2.16525, 2497216968.06426, 5080744.83610, 42.291%
56, 2.16525, 19887855021703.67969, 39775769685.80949, 41.204%
57, 2.16525, 3169662196.84472, 10349608.74825, 45.259%
58, 2.16525, 748164751.43408, 1527542.70050, 41.850%
59, 2.16525, 11047494.69415, 71391.34611, 43.119%
60, 2.16525, 3147136.58508, 18132.47803, 48.661%
61, 2.16525, 143057505.01046, 299533.15755, 46.222%
62, 2.16525, 10980748.18254, 51163.23404, 40.092%
63, 2.16525, 164925109531.22644, 335876956.52487, 42.857%
64, 2.16525, 56807678920.49655, 115553470.68166, 45.495%
65, 2.16525, 2833055546.89894, 7419753.74008, 51.131%
66, 2.16525, 38704600.84465, 92562.49334, 46.121%
67, 2.16525, 1329497.03786, 9668.73642, 42.979%
68, 2.16525, 17921658.15527, 42838.25618, 42.672%
69, 2.16525, 46217808.57959, 119674.72411, 43.439%
70, 2.16525, 46744988875.35265, 93520858.46811, 44.889%
71, 2.16525, 858659711.13100, 2720689.85166, 38.914%
72, 2.16525, 19250713.45603, 46786.42434, 44.934%
73, 2.16525, 49156695.04383, 188994.70150, 43.056%
74, 2.16525, 1016195.10512, 7477.29472, 42.152%
75, 2.16525, 1430241055705.55371, 2861198328.14036, 43.243%
76, 2.16525, 83394530.75926, 222369.73943, 44.783%
77, 2.16525, 1417766467.06239, 4181251.37062, 42.601%
78, 2.16525, 5433356925230.53906, 10866732977.67940, 42.424%
79, 2.16525, 3430576111.64648, 6890466.52127, 40.444%
80, 2.16525, 8745960.20149, 33782.39958, 43.750%
81, 2.16525, 64588007.29134, 130103.08937, 47.257%
82, 2.16525, 1984591764.31897, 4235852.63243, 41.071%
83, 2.16525, 16523300.01198, 45279.18271, 40.826%
84, 2.16525, 1132094.98778, 4891.89441, 39.381%
85, 2.16525, 2238746.15976, 14359.11705, 46.018%
86, 2.16525, 17635594.34374, 46785.05361, 44.643%
87, 2.16525, 64324001.39936, 173715.80167, 46.491%
88, 2.16525, 142296984514579.50000, 284594181775.29266, 47.137%
89, 2.16525, 122350338.45320, 267629.43212, 39.655%
90, 2.16525, 35864460167.76527, 71774863.13665, 45.249%
91, 2.16525, 5385661.32068, 13607.15612, 40.444%
92, 2.16525, 2609082.45518, 17381.23402, 44.397%
93, 2.16525, 59973827.51955, 171075.45917, 47.111%
94, 2.16525, 3167973977.94811, 6348693.30417, 44.248%
95, 2.16525, 155004590.14910, 476946.79891, 39.827%
96, 2.16525, 740867106664.86694, 1481789779.01228, 43.363%
97, 2.16525, 92630423.30096, 205573.10677, 48.000%
98, 2.16525, 190449248.81794, 423166.49847, 41.014%
99, 2.16525, 6104190.40190, 22304.57358, 44.889%
100, 2.16525, 8541157.27503, 34565.42182, 45.089%

Number of variables: 1
Tree:
ADD
L1: |---SUB
L1: |---|---VAR1
R2: |---|---SUB
L1: |---|---|---VAR1
R1: |---|---|---VAR1
R1: |---DIV
L2: |---|---0.021086058306
R2: |---|---MUL
L3: |---|---|---0.825604827242
R1: |---|---|---VAR1

Fitness: 2.16525102446
Elapsed time: 78.910050 (s)