File: ../datasets/SR_div_noise.txt
N_vars: 1 N_gens: 100 Pop_size: 500 XP: 0.9 MP: 0.05 TS: 20 MAX_D: 6 MIN_D: 1
[GEN], [BEST_FIT], [WORST_FIT], [AVG_FIT], [% BETTER CHILDREN]
1, 8.77395, 184582721883.01581, 378586821.86388, 25.000%
2, 8.57719, 13833565059762.07031, 28269834987.70911, 29.596%
3, 8.55618, 1783081450.01883, 7075471.14505, 24.115%
4, 8.55618, 1574443490.29566, 5336503.39322, 17.401%
5, 8.55618, 1107156773.24294, 3042493.94850, 18.722%
6, 8.55618, 7536912392.13574, 17363582.84357, 15.487%
7, 8.55618, 3708663461738307.50000, 7417330602093.07812, 22.511%
8, 8.55618, 794985934.89276, 1860081.22199, 38.496%
9, 8.55618, 484121141.81607, 992936.68511, 34.071%
10, 8.55618, 71841848048.66463, 148485425.34078, 42.922%
11, 8.55618, 564843599.40116, 1159577.07635, 41.256%
12, 8.55618, 30786886.61562, 80936.77218, 40.359%
13, 8.55618, 401770494619.90375, 803746652.74652, 40.625%
14, 8.55618, 13606415939588126.00000, 27212833586878.12500, 37.443%
15, 8.55618, 224308133.72286, 886327.54602, 43.612%
16, 8.55618, 1516441513.77815, 5644350.53259, 41.304%
17, 8.55618, 48420311616.61500, 99292975.17622, 43.243%
18, 3.64035, 80993359649.00490, 162006066.80547, 42.795%
19, 3.64035, 2865707198.65933, 5961729.27921, 46.903%
20, 3.49621, 2103913573.57545, 5593276.07746, 31.166%
21, 3.49621, 10590492196.30922, 22724064.23916, 27.193%
22, 3.45243, 2226513198.30712, 5224875.92249, 48.000%
23, 3.45243, 10674685.88182, 58393.51677, 51.786%
24, 3.45243, 458047789.81452, 1322824.42066, 40.455%
25, 3.45243, 997451132.27137, 3378322.60357, 49.115%
26, 3.45243, 86422935.66294, 205447.90464, 52.679%
27, 3.42313, 4228588.26067, 14833.46486, 48.444%
28, 3.42313, 3229320950.81669, 7124649.58722, 44.397%
29, 3.42313, 133879973364.98016, 271431883.94149, 33.850%
30, 3.42313, 200503106.93988, 645921.98434, 45.089%
31, 3.42313, 13558694616846.09766, 27117391424.72522, 47.577%
32, 3.42313, 360102500.73377, 725491.33585, 50.222%
33, 3.42313, 1830222108.20804, 6035106.62278, 48.673%
34, 3.42313, 40301094.87806, 94534.88067, 44.255%
35, 3.42313, 372928088.11559, 823142.74365, 54.867%
36, 3.42313, 1188647596.98543, 2519046.82458, 50.450%
37, 3.42313, 700769275.63005, 1463866.96168, 38.073%
38, 3.42313, 6749133926.78956, 13663300.50443, 53.363%
39, 3.42313, 28771192026.16412, 63673808.07393, 48.858%
40, 3.42313, 258952484.37131, 652245.93196, 46.606%
41, 3.42313, 3906883.92472, 10874.35719, 46.903%
42, 3.42313, 389037702951.99799, 778133839.58330, 46.875%
43, 3.42313, 1267126104.37387, 3401268.53221, 51.101%
44, 3.42313, 2664661.97108, 15017.88356, 54.585%
45, 3.42313, 320598562.98751, 1403026.76048, 57.333%
46, 3.42313, 2784916.93275, 12713.55050, 53.521%
47, 3.42313, 26757777.19843, 133133.74143, 52.466%
48, 3.42313, 808321839.52307, 1634910.43458, 49.778%
49, 3.42313, 15325038.47565, 54353.38923, 48.696%
50, 3.42313, 462228403.15778, 971620.20400, 45.815%
51, 3.42313, 8388235290.03505, 18132615.99549, 55.804%
52, 3.42313, 563779439.25286, 1319999.04997, 45.089%
53, 3.42313, 21321110.12217, 64680.98211, 48.182%
54, 3.42313, 18628474.09471, 41448.48506, 53.304%
55, 3.42313, 763201606512251.12500, 1526489353965.26294, 48.000%
56, 3.42313, 24177780.10686, 96356.98713, 44.737%
57, 3.42313, 17090144.15669, 67219.34748, 48.387%
58, 3.42313, 8654228.04564, 29687.60056, 51.802%
59, 3.42313, 342748438.89579, 1046819.35082, 50.431%
60, 3.42313, 5442296.58295, 21989.22249, 45.909%
61, 3.42313, 8035542066.21066, 16082153.88118, 51.754%
62, 3.42313, 2116548.80112, 8717.68707, 45.815%
63, 3.42313, 59873983.98578, 154754.48885, 48.696%
64, 3.42313, 89013588.23671, 256162.37308, 50.220%
65, 3.42313, 15175978.62822, 56727.50462, 44.889%
66, 3.42313, 21316780.36558, 43983.22889, 53.211%
67, 3.42313, 60777758126163416.00000, 121555516282897.17188, 52.679%
68, 3.42313, 224627955.98000, 452360.49767, 52.232%
69, 3.42313, 155342246295136.65625, 310684603026.02966, 49.784%
70, 3.42313, 242484129.72830, 513417.31758, 48.858%
71, 3.42313, 444141847.30858, 935793.79794, 50.000%
72, 3.41425, 394879.05683, 4261.94283, 51.542%
73, 3.41425, 22680272460.03112, 47235617.98498, 46.256%
74, 3.41425, 19936227907.02413, 40532258.10869, 35.619%
75, 3.41425, 2802270899.34828, 5629777.65654, 45.923%
76, 3.41425, 68265805053.14795, 142050751.83154, 51.316%
77, 3.41425, 497935754.35311, 1039336.90330, 42.152%
78, 3.41425, 1280145.43172, 4098.03257, 48.458%
79, 3.41425, 1690922.36896, 9285.07704, 48.684%
80, 3.41425, 56360321.65704, 116419.39458, 50.893%
81, 3.41425, 26678840484.05749, 54337571.43611, 48.636%
82, 3.41425, 2244487.88807, 8199.85789, 48.018%
83, 3.41425, 240078120874.57559, 480160783.34675, 49.107%
84, 3.41425, 1360614675.54039, 3708231.60592, 45.045%
85, 3.41425, 1439165855.08489, 2893101.77132, 49.774%
86, 3.41425, 3509246984.71374, 7841180.23560, 50.877%
87, 3.41425, 119111139.91680, 250244.51185, 51.142%
88, 3.41425, 18023093.53036, 65894.41218, 52.000%
89, 3.41425, 9127484.99910, 22990.94752, 46.222%
90, 3.41425, 9174268.24069, 23006.21287, 50.222%
91, 3.41425, 1429824.93920, 6120.39829, 46.875%
92, 3.41425, 1204607774.46627, 2410963.40677, 46.429%
93, 3.41425, 2886778473.15792, 7547339.55590, 48.305%
94, 3.41425, 20869762.55213, 66820.10396, 55.022%
95, 3.41425, 193034.71755, 1687.27556, 51.584%
96, 3.41425, 15173315.12808, 50314.96448, 52.000%
97, 3.41425, 140856319972.66876, 281800021.18056, 50.917%
98, 3.41425, 38380693.60356, 131435.24917, 50.439%
99, 3.41425, 115956378.89255, 242952.98443, 54.018%
100, 3.41425, 4103796168429.01172, 8217419064.92468, 50.885%

Number of variables: 1
Tree:
SUB
L1: |---ADD
L2: |---|---VAR1
R2: |---|---ADD
L3: |---|---|---DIV
L4: |---|---|---|---0.0338514018059
R2: |---|---|---|---VAR1
R4: |---|---|---VAR1
R1: |---DIV
L2: |---|---VAR1
R1: |---|---0.910318217911

Fitness: 3.41424562613
Elapsed time: 76.122269 (s)