File: ../datasets/SR_div_noise.txt
N_vars: 1 N_gens: 100 Pop_size: 500 XP: 0.9 MP: 0.05 TS: 20 MAX_D: 6 MIN_D: 1
[GEN], [BEST_FIT], [WORST_FIT], [AVG_FIT], [% BETTER CHILDREN]
1, 5.97539, 1575072015.76948, 5907311.17626, 43.891%
2, 3.33543, 1230311991650.54102, 3023567863.22356, 29.372%
3, 2.52180, 388063860005.85138, 781125340.08880, 23.009%
4, 2.52180, 394896457.76964, 1019197.21200, 34.529%
5, 2.16869, 176295239.21489, 632575.53223, 38.085%
6, 2.16869, 2367743441.35416, 6279741.13560, 45.354%
7, 2.16869, 1576506644.85927, 3277558.47265, 59.958%
8, 2.16869, 448110725.59350, 1157119.52639, 60.889%
9, 2.16869, 16385366.03244, 60947.18884, 60.731%
10, 2.16869, 204239070.05312, 464196.79712, 65.455%
11, 2.16869, 53099024.73485, 163870.01464, 55.507%
12, 2.16869, 1217784579.27235, 2535457.89087, 56.818%
13, 2.16869, 26193599.42711, 72158.66366, 57.658%
14, 2.16869, 2379800585135.15527, 4759602769.76035, 58.482%
15, 2.16869, 204139848.98856, 416706.59872, 60.177%
16, 2.16869, 331722133.56793, 698227.99875, 56.364%
17, 2.16869, 229341274048.77838, 502603813.93945, 57.391%
18, 2.16869, 1709001950.89306, 3449218.52026, 61.435%
19, 2.16869, 1450384.44617, 6024.64988, 52.232%
20, 2.16869, 18700661.29838, 53758.25945, 55.128%
21, 2.16869, 4955916.70646, 24117.73263, 61.062%
22, 2.16869, 3149056291961327.00000, 6298129356413.73633, 59.735%
23, 2.16869, 96423473.74719, 257257.62038, 54.795%
24, 2.16869, 10943161.16238, 34983.88217, 57.407%
25, 2.16869, 586577.21770, 3502.03552, 61.778%
26, 2.16869, 8726488.51706, 34434.63533, 57.456%
27, 2.16869, 7462856.59950, 23501.84868, 56.364%
28, 2.16869, 51001504582.69963, 104632663.60912, 53.812%
29, 2.16869, 3822106.46871, 11301.05696, 59.389%
30, 2.16869, 46659079.43081, 116787.12933, 58.696%
31, 2.16869, 48102634.14342, 122221.37953, 58.696%
32, 2.16869, 225405771.73843, 464288.85166, 56.818%
33, 2.16725, 17420557052.37999, 35166756.86958, 58.874%
34, 2.16725, 1177868536.83284, 3310464.57486, 57.743%
35, 2.16185, 177185404.59268, 450936.60295, 40.909%
36, 2.16185, 621173081.46787, 1646248.66567, 23.198%
37, 2.16185, 649506715520.84351, 1306992550.62972, 24.306%
38, 2.16185, 20817743506.97131, 42626826.16413, 35.177%
39, 2.16185, 2262785.07721, 21266.00244, 28.319%
40, 2.16185, 2447157626.93948, 4910991.79049, 32.735%
41, 2.16185, 118538801.60130, 327258.02618, 29.911%
42, 2.16185, 6767672708.55256, 13850208.13038, 37.273%
43, 2.16185, 1569279799.87036, 3181998.52512, 37.500%
44, 2.16185, 98528212.55707, 269980.43818, 29.646%
45, 2.16185, 1920178570.17395, 7012589.14523, 35.242%
46, 2.16185, 2319190877674.08252, 4643792164.72778, 32.127%
47, 2.16185, 1582794082.60635, 3190658.23767, 39.056%
48, 2.16185, 36244495816.62422, 72712922.11444, 37.445%
49, 2.16185, 118724643.42341, 434220.23771, 34.934%
50, 2.16185, 19386431907137.85938, 38952432365.49034, 31.004%
51, 2.16185, 310910346.77600, 773769.71326, 36.364%
52, 2.16185, 12106181058.55174, 24218443.50998, 36.957%
53, 2.16185, 16899113321.81159, 34313354.09146, 36.607%
54, 2.16185, 3369656491.94354, 7004873.00770, 32.127%
55, 2.16185, 42779717.76481, 162441.19353, 35.556%
56, 2.16185, 57912573999.81202, 142325946.25033, 25.333%
57, 2.16185, 76776433.35664, 355847.92735, 34.498%
58, 2.16185, 63712494.97848, 184345.47862, 33.333%
59, 2.16185, 54336880.09938, 153003.10529, 35.714%
60, 2.16185, 91838355.66568, 353522.36018, 35.377%
61, 2.16185, 569289834.43710, 1525926.45987, 36.036%
62, 2.16185, 2202651041.55984, 6950326.24137, 38.462%
63, 2.16185, 1392863869.87858, 4106186.78149, 34.375%
64, 2.16185, 105328313705.96443, 211372368.19135, 38.865%
65, 2.16185, 251247668.93543, 626936.43043, 33.333%
66, 2.16185, 42944516842.30513, 85918230.34220, 33.778%
67, 2.16185, 937635133479.01794, 1885885205.44185, 30.172%
68, 2.16185, 4161014542.17502, 9064052.78294, 32.143%
69, 2.16185, 171348341111.12094, 342722516.18733, 34.842%
70, 2.16185, 59596546.46254, 129500.07321, 29.091%
71, 2.16185, 157492002850.87259, 321830935.20363, 30.804%
72, 2.16185, 367086039.61950, 1086837.49026, 34.348%
73, 2.16185, 4602543908.12671, 9227298.04320, 38.095%
74, 2.16185, 440203614375.74304, 883316784.22744, 34.562%
75, 2.16185, 721064168829178.12500, 1442138912587.61230, 33.488%
76, 2.16185, 5248040050.98162, 10667742.64848, 32.618%
77, 2.16185, 214882655.94609, 450760.34282, 32.468%
78, 2.16185, 167210990.38561, 411429.40866, 32.883%
79, 2.16185, 5329661384.08078, 13022554.54898, 35.714%
80, 2.16185, 220599367.47374, 826053.64696, 35.000%
81, 2.16185, 36941287370.12827, 74086975.99106, 29.386%
82, 2.16185, 619867236.81234, 1812080.48060, 34.071%
83, 2.16185, 8306690883.45432, 17791407.08779, 35.426%
84, 2.16185, 499156090105.30389, 1044126770.34329, 34.545%
85, 2.16185, 1762452531.35027, 3842604.18459, 30.631%
86, 2.16185, 340763047.63903, 1517254.14041, 32.735%
87, 2.16185, 2421454676.10370, 7628096.40387, 31.797%
88, 2.16185, 10126033967.19973, 21465478.79828, 38.261%
89, 2.16185, 12087256.71650, 64811.24244, 30.131%
90, 2.16185, 94187108.10409, 420619.95262, 32.589%
91, 2.16185, 951238778.54291, 1989777.44410, 32.328%
92, 2.16185, 2904137510.21060, 7123640.56411, 32.018%
93, 2.16185, 34303499753.81980, 68982468.17194, 37.054%
94, 2.16185, 22607733181.61584, 46810866.44135, 40.444%
95, 2.16185, 2184705147.60600, 6441836.96677, 33.333%
96, 2.16185, 1449818455.95672, 3153846.23957, 30.702%
97, 2.16185, 1110602706.88107, 2226653.60650, 35.556%
98, 2.16185, 1205606515.77589, 2434348.31087, 33.480%
99, 2.16185, 6440681422974.34277, 12895087216.37795, 31.222%
100, 2.16185, 4398678046.16197, 13962097.40056, 31.897%

Number of variables: 1
Tree:
ADD
L3: |---DIV
L4: |---|---MUL
L5: |---|---|---VAR1
R5: |---|---|---0.702430053923
R4: |---|---0.70752305714
R1: |---DIV
L2: |---|---MUL
L3: |---|---|---0.099419742791
R3: |---|---|---0.256028021863
R3: |---|---DIV
L4: |---|---|---MUL
L5: |---|---|---|---VAR1
R5: |---|---|---|---0.702430053923
R4: |---|---|---0.70752305714

Fitness: 2.16185306237
Elapsed time: 83.590880 (s)