File: ../datasets/SR_div_noise.txt
N_vars: 1 N_gens: 100 Pop_size: 500 XP: 0.9 MP: 0.05 TS: 20 MAX_D: 6 MIN_D: 1
[GEN], [BEST_FIT], [WORST_FIT], [AVG_FIT], [% BETTER CHILDREN]
1, 6.45009, 762500819.51330, 2740325.23314, 59.227%
2, 6.45009, 14506748356427.92578, 29030142851.10337, 30.568%
3, 2.25288, 627013101797.46692, 1254118940.84206, 23.288%
4, 2.17941, 8388380665.17345, 17043412.51441, 29.128%
5, 2.17941, 15736589572417.00977, 31474601399.51581, 25.771%
6, 2.17941, 11168417566.94084, 28133900.19485, 26.432%
7, 2.17941, 167434085.90526, 382207.60024, 34.267%
8, 2.17941, 35243551600.33138, 74720224.26147, 42.982%
9, 2.17941, 26636048719.17939, 77914095.39005, 35.780%
10, 2.17941, 890221994.37097, 1787700.38760, 41.176%
11, 2.17941, 984042776.04781, 2601562.28761, 44.643%
12, 2.17941, 36002419789.39895, 72277020.09777, 35.294%
13, 2.17941, 55407288518.11112, 113681073.60503, 32.895%
14, 2.17941, 19271362.32687, 117327.22763, 36.364%
15, 2.17941, 239929700.15163, 510640.75011, 44.541%
16, 2.17941, 778953563.66987, 1752736.99027, 33.178%
17, 2.16865, 2239894383207.39453, 4484251159.65343, 36.199%
18, 2.16865, 788630533.17761, 1622633.67369, 37.118%
19, 2.16865, 2001198703.07537, 5506135.86293, 28.670%
20, 2.16865, 2323488356795183.50000, 4647262328215.24219, 35.177%
21, 2.16865, 1575780661.04899, 6797213.86925, 38.739%
22, 2.16865, 132020455.67592, 312836.12763, 34.348%
23, 2.16865, 2970842587.82866, 11361827.86243, 36.937%
24, 2.16865, 2189047496462.21997, 4550873484.76231, 35.426%
25, 2.16641, 67804189.11033, 321539.26645, 39.823%
26, 2.16641, 10627944543.80275, 24100051.06820, 36.486%
27, 2.16641, 59040771.74154, 193991.46430, 32.379%
28, 2.16641, 12835195390113.83008, 25681829903.49862, 34.361%
29, 2.16641, 30382759.84182, 117093.46288, 33.921%
30, 2.16641, 47024818.81486, 145193.79418, 41.204%
31, 2.16641, 13077591235.57170, 26176636.26660, 34.071%
32, 2.16641, 21737437.89496, 53906.47712, 38.865%
33, 2.16641, 1772767216389.79663, 3545566228.08598, 38.318%
34, 2.16641, 1170560766283.00903, 2341173190.63162, 39.367%
35, 2.16641, 23755495.20966, 84647.04438, 35.965%
36, 2.16606, 13947694430.04397, 54697610.72322, 37.662%
37, 2.16537, 62082722420398.10938, 124165480284.64803, 39.220%
38, 2.16537, 4327595671.60715, 9345349.36910, 33.406%
39, 2.16537, 42214565.02352, 126908.60519, 37.983%
40, 2.16537, 33343982595.02124, 66941239.59804, 29.688%
41, 2.16537, 76176771651.63492, 154219940.94700, 37.557%
42, 2.16537, 1706172752042710528.00000, 3412345512386145.00000, 38.261%
43, 2.16537, 971443227.25348, 2040116.52356, 37.991%
44, 2.16537, 1810646457.67678, 8990443.92963, 43.363%
45, 2.16537, 40450989.60444, 83799.92678, 39.908%
46, 2.16537, 129081419.66943, 307226.83423, 35.426%
47, 2.16537, 148689468.20091, 476980.35604, 36.073%
48, 2.16537, 28301660.64710, 96729.73721, 45.495%
49, 2.16537, 43356096.79415, 115422.00922, 41.964%
50, 2.16537, 83516764.85917, 170948.15671, 39.827%
51, 2.16537, 6969871.46743, 38033.55310, 36.444%
52, 2.16537, 127171710.78743, 316607.05493, 40.444%
53, 2.16537, 1029831184.83588, 2140273.44249, 37.788%
54, 2.16537, 654081835631728.00000, 1308170232253.69287, 36.929%
55, 2.16537, 768217178.86725, 1558896.03795, 43.498%
56, 2.16537, 1553168.44323, 8560.49788, 36.522%
57, 2.16537, 1135815141.73953, 2332720.21084, 36.364%
58, 2.16537, 2335657.27910, 12756.07781, 33.488%
59, 2.16537, 19291474882.91903, 38665613.12307, 38.053%
60, 2.16537, 13196433.89559, 60735.20469, 38.565%
61, 2.16537, 2883924710.06715, 5927121.50928, 35.371%
62, 2.16537, 2502574541.56148, 5657539.20053, 40.541%
63, 2.16537, 33723087729.54676, 67461374.66864, 39.912%
64, 2.16537, 163863502.82137, 360928.18551, 36.404%
65, 2.16537, 40717384.48544, 213692.87123, 35.526%
66, 2.16537, 3079750.74106, 11718.53022, 39.035%
67, 2.16537, 149117476.35826, 306884.97192, 41.739%
68, 2.16537, 335793900.71829, 1333176.23634, 37.500%
69, 2.16537, 3847828127.78680, 7989486.21361, 41.176%
70, 2.16537, 19615739.62230, 70311.90094, 42.661%
71, 2.16537, 34804497.81525, 156726.59842, 33.190%
72, 2.16537, 41038117950.28797, 95103825.45961, 41.850%
73, 2.16537, 29370850.41812, 112535.18896, 39.111%
74, 2.16537, 14104003.33453, 75641.51489, 36.889%
75, 2.16537, 10338391920.97813, 21304274.89907, 36.842%
76, 2.16537, 44010556784.66730, 88221476.17074, 37.946%
77, 2.16537, 149053551601.26416, 298114494.56620, 41.304%
78, 2.16537, 3982383246.98361, 8916557.43172, 44.889%
79, 2.16537, 132705912.96811, 293512.45150, 38.261%
80, 2.16537, 5511172.09399, 27009.96610, 38.288%
81, 2.16537, 138650397.16852, 357361.27473, 38.914%
82, 2.16537, 318910530420.41589, 641914339.30570, 48.052%
83, 2.16537, 162427209.88449, 335296.73040, 35.681%
84, 2.16537, 5369324890.91131, 10909865.60010, 42.060%
85, 2.16537, 530383858.15876, 1318461.14913, 42.152%
86, 2.16537, 9531707986.96404, 19100880.13302, 37.719%
87, 2.16537, 24478944260.78196, 55540211.07590, 44.348%
88, 2.16537, 50895381.04373, 114874.16512, 33.190%
89, 2.16537, 41562398.40793, 126382.26057, 36.771%
90, 2.16537, 11790994974.21141, 23681661.45117, 38.158%
91, 2.16537, 52010058.51345, 112527.68137, 40.183%
92, 2.16537, 409802.91472, 3340.86236, 37.004%
93, 2.16537, 45992804.64463, 123874.51993, 40.090%
94, 2.16537, 161577851259610.37500, 323470342996.09534, 39.810%
95, 2.16537, 8654003.11691, 51159.28525, 32.432%
96, 2.16537, 1773520584.86586, 6137634.25720, 40.271%
97, 2.16537, 53278246065.60102, 106886248.32190, 33.333%
98, 2.16537, 1143500605.37025, 4490497.34933, 43.363%
99, 2.16537, 25946213.88920, 75863.68041, 37.443%
100, 2.16537, 30286161404.45131, 87822584.61528, 34.152%

Number of variables: 1
Tree:
ADD
L1: |---MUL
L2: |---|---SUB
L3: |---|---|---0.856707555542
R3: |---|---|---0.321848064155
R2: |---|---MUL
L3: |---|---|---0.191475100554
R3: |---|---|---DIV
L4: |---|---|---|---0.249972057786
R1: |---|---|---|---VAR1
R1: |---VAR1

Fitness: 2.16537353855
Elapsed time: 78.206050 (s)