File: ../datasets/SR_div_noise.txt
N_vars: 1 N_gens: 100 Pop_size: 500 XP: 0.9 MP: 0.05 TS: 20 MAX_D: 6 MIN_D: 1
[GEN], [BEST_FIT], [WORST_FIT], [AVG_FIT], [% BETTER CHILDREN]
1, 8.55532, 345565614.73647, 1046712.99070, 69.620%
2, 7.72146, 29240393636276.67188, 58480944018.38179, 28.027%
3, 3.80714, 75869259243.74637, 152235231.13521, 25.000%
4, 3.80714, 2367918016.49687, 5143058.09613, 33.111%
5, 2.19604, 2351141923.34522, 7205054.90512, 25.463%
6, 2.19604, 169161487.42631, 1106860.01895, 34.565%
7, 2.19604, 16459636415.55719, 36652267.01630, 34.081%
8, 2.19604, 1166293182.67755, 2441449.65828, 39.565%
9, 2.19604, 76517310.72058, 167996.73272, 67.411%
10, 2.19604, 18896326.72997, 80051.65077, 61.674%
11, 2.19604, 11129715.61814, 30282.46765, 64.474%
12, 2.19604, 19110270.86028, 55913.27631, 57.919%
13, 2.19604, 14518734535.48940, 32670856.10454, 60.731%
14, 2.19604, 274003896.72101, 576559.28543, 55.505%
15, 2.19604, 2376247.86289, 8725.00475, 61.674%
16, 2.19604, 28352650.23598, 62129.44848, 57.399%
17, 2.19604, 38829075.98088, 130617.58439, 51.982%
18, 2.19604, 1529234.53496, 6953.30397, 54.260%
19, 2.19604, 117478929.38101, 256327.91064, 54.505%
20, 2.19604, 21118257.26427, 88762.53200, 59.009%
21, 2.19604, 520964529.05238, 1718987.26444, 62.389%
22, 2.19604, 1614552592.94500, 3270550.14885, 60.909%
23, 2.19604, 74004588.69411, 159030.69143, 54.310%
24, 2.19604, 2042527192.20576, 6518386.18688, 58.079%
25, 2.19604, 4409547.68667, 18206.09852, 60.987%
26, 2.19604, 8692206.30191, 32302.69802, 62.332%
27, 2.19604, 19571705.05039, 55824.29825, 59.276%
28, 2.19604, 727481905.78722, 1461582.91153, 55.752%
29, 2.19604, 95679084.46742, 220897.06675, 63.043%
30, 2.19604, 34571379.40140, 127358.15615, 60.088%
31, 2.19604, 207848704.48460, 506928.43312, 58.850%
32, 2.19604, 265129099.63124, 571149.39500, 63.964%
33, 2.19604, 4974144.18772, 25382.31925, 61.086%
34, 2.19604, 65313963.92172, 179031.45801, 61.947%
35, 2.19604, 23636019.48133, 103548.22265, 63.717%
36, 2.19604, 2496812.93795, 14728.30533, 65.471%
37, 2.19604, 5605110709.25933, 11459151.47619, 56.710%
38, 2.19604, 189759807.01930, 515307.84263, 56.306%
39, 2.19604, 6355996.40677, 14512.04989, 57.080%
40, 2.19604, 3022735.41645, 10391.80700, 54.338%
41, 2.19604, 97752179.43345, 348235.40298, 63.927%
42, 2.19604, 3606216411.79196, 7235576.46069, 56.109%
43, 2.19604, 5728269.94838, 20644.61785, 71.622%
44, 2.19604, 1409997513.99144, 2898616.14233, 62.054%
45, 2.19604, 313229392920.11627, 626467666.98904, 59.471%
46, 2.19604, 1050969.71653, 3877.51297, 59.307%
47, 2.19604, 18752476597.39980, 39435025.83038, 60.811%
48, 2.19604, 2113047987352.21436, 4227153158.01086, 59.389%
49, 2.19604, 287987873.08858, 724625.93241, 61.468%
50, 2.19604, 1374323.58173, 8618.41172, 56.388%
51, 2.19604, 20607451.56333, 45211.09169, 58.036%
52, 2.19604, 6296066.41915, 13270.33067, 60.619%
53, 2.19604, 9058143.19095, 34862.84373, 58.442%
54, 2.19604, 1155567216.89787, 2335452.41360, 63.677%
55, 2.19604, 2583047.62552, 7655.63559, 62.100%
56, 2.19604, 358325.50971, 2374.77381, 63.043%
57, 2.19604, 4497543.74849, 12089.81281, 63.291%
58, 2.19604, 87148058.90598, 185438.51006, 60.619%
59, 2.19604, 2470695875.82934, 5046837.70724, 60.731%
60, 2.19604, 11125023.56920, 40095.61286, 60.944%
61, 2.19604, 23268629.54174, 52669.89887, 58.667%
62, 2.19604, 15874177.13030, 43358.93947, 59.649%
63, 2.19604, 12652569.39539, 34055.55675, 59.524%
64, 2.19604, 31385454.58490, 71816.73336, 68.696%
65, 2.19604, 182282016.95956, 386641.14780, 58.182%
66, 2.19604, 96294015930652.53125, 193331737723.36328, 58.929%
67, 2.19604, 66957892.99645, 139702.02115, 54.545%
68, 2.19604, 2443375858.07158, 5125422.14941, 54.825%
69, 2.19604, 160981024.80472, 409461.06025, 61.062%
70, 2.19604, 2302369165.63521, 5631899.47884, 62.222%
71, 2.19604, 21288559.59677, 69845.44051, 60.889%
72, 2.19604, 30762677873693968.00000, 61525356406643.96875, 60.633%
73, 2.19604, 367538904.48825, 746926.88530, 64.706%
74, 2.19604, 6154350806.84352, 12472771.55472, 57.848%
75, 2.19604, 81723.13001, 591.75960, 58.559%
76, 2.19604, 340109648.86136, 1355424.27250, 61.333%
77, 2.19604, 31301034.45200, 113727.50130, 59.908%
78, 2.19604, 1006081342503.62158, 2012230281.47208, 59.649%
79, 2.19604, 633426.38105, 1716.39572, 60.455%
80, 2.19604, 6459040.28482, 16788.24471, 63.436%
81, 2.19604, 22758600763.88771, 45521512.50209, 62.212%
82, 2.19604, 28604539.17899, 101597.98047, 59.825%
83, 2.19604, 71795388.83321, 153835.25932, 57.919%
84, 2.19604, 65038894.98326, 273590.00157, 52.423%
85, 2.19604, 24345412245.59306, 66982566.55052, 55.217%
86, 2.19604, 2991433.93858, 17560.73334, 58.182%
87, 2.19604, 1587181.69115, 12652.50629, 60.000%
88, 2.19604, 826620211.65784, 2462020.54506, 59.292%
89, 2.19604, 1346676116.74993, 2745734.43622, 56.757%
90, 2.19604, 39373027.48159, 79700.03018, 64.035%
91, 2.19604, 1111705059829.34790, 2223571611.62591, 63.514%
92, 2.19604, 119219842.52450, 244844.44415, 60.256%
93, 2.19604, 25705470.73865, 62360.44168, 60.360%
94, 2.19604, 423860765811.84460, 848547346.09201, 63.677%
95, 2.19604, 972812.25502, 3007.10475, 56.277%
96, 2.19604, 55838542.24855, 208848.92201, 60.274%
97, 2.19604, 2070509.10636, 6327.24586, 61.333%
98, 2.19604, 2422934.06222, 10770.65568, 57.919%
99, 2.19604, 23044153.09168, 61678.27711, 62.115%
100, 2.19604, 22787085635.17218, 48369378.09434, 59.227%

Number of variables: 1
Tree:
ADD
L1: |---VAR1
R2: |---DIV
L2: |---|---0.0270163403479
R1: |---|---VAR1

Fitness: 2.19603804278
Elapsed time: 59.027493 (s)