File: ../datasets/SR_div_noise.txt
N_vars: 1 N_gens: 100 Pop_size: 500 XP: 0.9 MP: 0.05 TS: 20 MAX_D: 6 MIN_D: 1
[GEN], [BEST_FIT], [WORST_FIT], [AVG_FIT], [% BETTER CHILDREN]
1, 8.84468, 6803423574913790976.00000, 13606847175507862.00000, 0.000%
2, 8.21998, 67052628.81613, 328105.75436, 34.389%
3, 7.92803, 30154159882.93411, 62989514.40914, 14.693%
4, 7.91962, 2032060135.54254, 4578611.56065, 16.667%
5, 7.91962, 70752793323057.42188, 141525478027.57837, 26.562%
6, 7.91962, 37629639.89023, 122935.82367, 34.483%
7, 7.91962, 8806565185.97301, 18539643.02227, 44.181%
8, 7.76488, 57929311.73198, 127677.22972, 40.171%
9, 7.76488, 24904968814940.92188, 49906542327.87112, 43.074%
10, 7.71603, 2930006031.47320, 9578161.43609, 36.916%
11, 7.71603, 5545754097560.35449, 11092369090.80190, 41.009%
12, 7.71603, 1807334977672.91797, 3626615892.70675, 37.391%
13, 7.71603, 2955265453.58880, 9824128.97366, 41.591%
14, 7.71603, 40941277.04141, 108418.36109, 43.891%
15, 3.40394, 99041368.25824, 273257.35260, 46.522%
16, 3.40394, 125103834072.50041, 251517658.14935, 39.955%
17, 3.40394, 2855062290.42449, 5894904.64485, 31.568%
18, 3.40394, 24497581.61269, 145093.72136, 61.404%
19, 3.40394, 7912870387.92001, 15908435.22307, 58.850%
20, 3.40394, 9500868.53578, 40420.80190, 52.609%
21, 3.40394, 8980404.78339, 31612.87442, 61.966%
22, 3.40394, 150450197.09656, 369351.87627, 59.174%
23, 3.40394, 2072544620589.76440, 4145112414.68404, 62.719%
24, 3.40394, 605341498027.87341, 1221086243.86429, 58.744%
25, 3.40394, 5147083.35859, 34523.07959, 57.466%
26, 3.40394, 163685192442.36407, 327467696.12907, 57.269%
27, 3.40394, 10435465.55273, 37816.39998, 56.818%
28, 2.22027, 1867169935.99031, 4019428.66515, 55.411%
29, 2.22027, 1282447202.59888, 2588527.71626, 62.277%
30, 2.22027, 64631665926.97541, 129655433.36678, 44.619%
31, 2.22027, 565115833612525.00000, 1130233579750.40771, 58.756%
32, 2.22027, 519481.98983, 2764.21216, 53.648%
33, 2.16539, 132214124.17503, 316962.66764, 59.910%
34, 2.16539, 132676040.10896, 271253.15554, 59.307%
35, 2.16539, 2669299544.10081, 5509328.07366, 34.247%
36, 2.16539, 2319348322.35590, 4751288.88783, 37.832%
37, 2.16539, 30288391.90136, 142478.45582, 39.744%
38, 2.16539, 8343860664.93670, 16703447.57759, 34.199%
39, 2.16539, 822788331.89890, 1660960.52962, 38.865%
40, 2.16539, 18453542202.84020, 38007927.98615, 37.500%
41, 2.16539, 100213956526492.96875, 200435151397.81470, 39.111%
42, 2.16539, 1740326990.56893, 3668480.28286, 38.750%
43, 2.16539, 2155761958.79619, 4386926.41610, 39.474%
44, 2.16539, 7313606.31222, 45840.57630, 39.381%
45, 2.16539, 2901304836.79497, 7019546.80581, 41.991%
46, 2.16539, 27993833063341.89453, 55987813990.30126, 40.529%
47, 2.16539, 80977136.41434, 352458.10642, 43.498%
48, 2.16539, 5918553373.09622, 12166486.88851, 40.088%
49, 2.16539, 530929.84496, 5546.62259, 38.865%
50, 2.16539, 1135978982828.27856, 2272118898.16407, 37.281%
51, 2.16539, 75729506.27104, 212225.07877, 37.004%
52, 2.16539, 196429524492.57343, 393041310.37340, 48.472%
53, 2.16539, 22449630.39079, 129536.86803, 39.301%
54, 2.16539, 613672.37406, 4839.47699, 41.284%
55, 2.16539, 945742679.85225, 1946492.29124, 39.565%
56, 2.16539, 12005285602166.73438, 24010653764.36928, 39.367%
57, 2.16539, 3433368184728.31250, 6866808326.25816, 39.149%
58, 2.16539, 34344104.73166, 80439.40774, 37.391%
59, 2.16539, 701778931.22574, 1519172.54021, 43.723%
60, 2.16539, 3867506137.46971, 8666230.27438, 37.445%
61, 2.16539, 43382588794.21808, 94495628.85487, 43.049%
62, 2.16539, 588029660799.11572, 2092957198.09808, 46.222%
63, 2.16539, 2015854698.46916, 6660681.39521, 39.823%
64, 2.16539, 51747045714.26579, 107365775.28120, 38.914%
65, 2.16539, 5365498.28331, 19917.54044, 41.631%
66, 2.16539, 187537434.65914, 417714.38982, 38.222%
67, 2.16539, 9390426548.28983, 19041468.56906, 41.150%
68, 2.16539, 19543553701.57064, 55811278.61207, 42.241%
69, 2.16539, 396865738.22527, 1394932.29153, 41.558%
70, 2.16539, 1710261142.91487, 3429557.43001, 39.565%
71, 2.16539, 162079593.50929, 443384.44728, 36.530%
72, 2.16539, 365089968.73035, 792308.28932, 36.404%
73, 2.16539, 23516268.77281, 115557.09207, 36.652%
74, 2.16539, 781285837990.52710, 1563406670.30725, 47.222%
75, 2.16539, 1119007730.01185, 2288132.50827, 42.411%
76, 2.16539, 31014775.81689, 113555.45930, 38.914%
77, 2.16539, 7982671.18140, 41615.40586, 41.518%
78, 2.16539, 21410798.49191, 74695.89898, 40.175%
79, 2.16539, 794520754572202752.00000, 1589041552931415.00000, 44.843%
80, 2.16539, 96408295.38166, 239311.24979, 41.667%
81, 2.16539, 2581996.70902, 14886.29901, 40.000%
82, 2.16539, 37109566154.88905, 74664939.02083, 38.596%
83, 2.16539, 833163819.23914, 1803992.37795, 30.472%
84, 2.16539, 21749469349.57548, 45922009.14696, 39.286%
85, 2.16539, 585633950059.15894, 1178751639.26483, 33.636%
86, 2.16539, 244670855.69570, 501693.70517, 39.474%
87, 2.16539, 46412558.12757, 272116.37968, 43.578%
88, 2.16539, 567106017.50366, 1169417.92319, 43.913%
89, 2.16539, 2034135261.58567, 4092195.96448, 48.472%
90, 2.16539, 16492690.14511, 76803.12353, 43.556%
91, 2.16539, 111245639.21858, 237861.22102, 37.500%
92, 2.16539, 51048203.58238, 242234.62090, 40.807%
93, 2.16539, 34535151040.77175, 69153850.31491, 38.667%
94, 2.16539, 334649241.49225, 1282004.49049, 40.625%
95, 2.16539, 28977212.30154, 85943.00229, 42.035%
96, 2.16539, 7285447.13966, 15950.94797, 41.667%
97, 2.16539, 136298517754.15552, 272923206.92180, 40.351%
98, 2.16539, 734588467.74248, 1496168.48073, 38.428%
99, 2.16539, 20699297.19925, 127019.14912, 36.607%
100, 2.16539, 6334712361.11245, 20592542.98189, 42.982%

Number of variables: 1
Tree:
ADD
L4: |---VAR1
R1: |---DIV
L2: |---|---0.0274536447843
R2: |---|---DIV
L3: |---|---|---0.170542631557
R3: |---|---|---DIV
L4: |---|---|---|---0.159076876438
R4: |---|---|---|---VAR1

Fitness: 2.1653892445
Elapsed time: 72.257269 (s)