File: ../datasets/SR_div_noise.txt
N_vars: 1 N_gens: 100 Pop_size: 500 XP: 0.9 MP: 0.05 TS: 20 MAX_D: 6 MIN_D: 1
[GEN], [BEST_FIT], [WORST_FIT], [AVG_FIT], [% BETTER CHILDREN]
1, 8.62291, 207003284511.83572, 416907516.91579, 34.842%
2, 8.25677, 7161330908.05040, 15375763.22787, 31.081%
3, 8.25677, 9886144528.23132, 19948495.71385, 30.837%
4, 8.25677, 36175792879.20617, 84216185.59348, 23.543%
5, 5.09643, 871593685618.90820, 2385050856.56741, 32.432%
6, 5.09643, 57639981.34808, 137636.27883, 44.595%
7, 3.73440, 35573304.75096, 137496.19308, 35.714%
8, 3.63710, 88727383303.15268, 177607064.04462, 60.455%
9, 2.34951, 4839882532.27937, 11037282.52923, 52.715%
10, 2.16699, 64797856.42248, 196776.96312, 50.661%
11, 2.16699, 82262388420.36893, 179371496.61471, 46.606%
12, 2.16699, 977072214.99536, 1979914.65830, 49.554%
13, 2.16699, 732169638.95602, 1468602.00325, 65.541%
14, 2.16629, 485045.97124, 2124.88519, 66.228%
15, 2.16629, 8600988.17139, 23211.92681, 65.919%
16, 2.16629, 2956408260110.83643, 5913883983.04032, 50.881%
17, 2.16629, 2702706353.60065, 5607713.72549, 65.625%
18, 2.16629, 34885785654.25658, 71881774.67140, 70.175%
19, 2.16629, 75762937407.87991, 151529137.60784, 68.304%
20, 2.16629, 5613575213249.15820, 11227171360.12328, 63.556%
21, 2.16629, 35433079.87893, 77307.94523, 64.889%
22, 2.16629, 2979641.59395, 12842.07468, 63.877%
23, 2.16629, 82959.80552, 639.55290, 68.919%
24, 2.16629, 47042418.02862, 129425.46451, 63.436%
25, 2.16629, 7011848.17872, 34475.55540, 62.832%
26, 2.16629, 204003986.24366, 581277.01120, 70.614%
27, 2.16629, 105730383020.96649, 211476552.27476, 69.469%
28, 2.16629, 23815887.87032, 58321.16142, 61.803%
29, 2.16629, 329741.13978, 1280.14678, 68.636%
30, 2.16629, 21249586.73080, 66371.03636, 59.276%
31, 2.16629, 5517734.79401, 13757.21077, 65.778%
32, 2.16629, 2094766078763.66016, 4192354650.10116, 66.055%
33, 2.16629, 4863739963.68524, 9894874.55853, 59.735%
34, 2.16629, 184569671.11679, 376952.43062, 61.818%
35, 2.16629, 59325711.10156, 315355.30091, 66.968%
36, 2.16629, 739228605.24734, 1483218.75332, 60.619%
37, 2.16629, 63650809.12242, 176443.94471, 71.111%
38, 2.16629, 8649314.98739, 24512.12506, 66.968%
39, 2.16629, 830353937.35091, 1662408.10720, 59.556%
40, 2.16629, 117126.67326, 663.88913, 68.696%
41, 2.16629, 3167486426.43152, 6353580.83858, 65.333%
42, 2.16629, 4749076.31982, 13153.36453, 64.912%
43, 2.16629, 9277869.47095, 20442.19176, 62.946%
44, 2.16629, 1467659739.04038, 3563354.98045, 66.518%
45, 2.16629, 80076559.45021, 182266.39922, 65.652%
46, 2.16629, 1365844.77147, 11400.93384, 57.522%
47, 2.16629, 44257803.38005, 142709.88133, 68.468%
48, 2.16629, 177865100.96814, 358071.89516, 65.801%
49, 2.16629, 11164142.61489, 57647.03589, 65.929%
50, 2.16629, 326430093735.88312, 653819768.00683, 67.241%
51, 2.16629, 11682103863.14321, 23386542.34317, 66.667%
52, 2.16629, 54434731522.18887, 108908166.83828, 62.996%
53, 2.16629, 20526881.07029, 49028.40683, 64.192%
54, 2.16629, 178655793.00697, 491099.63405, 70.354%
55, 2.16629, 15108523.44990, 31366.77689, 68.778%
56, 2.16629, 465832168.12898, 1072951.94295, 66.364%
57, 2.16629, 353379301.74558, 713433.78423, 59.912%
58, 2.16629, 1215958.24898, 4061.38751, 62.609%
59, 2.16629, 1029941188435.94739, 2091359004.70033, 62.882%
60, 2.16629, 34630318.16220, 98796.15833, 64.414%
61, 2.16629, 33515353.69580, 120690.24567, 59.649%
62, 2.16629, 216993340.42471, 495903.37660, 66.055%
63, 2.16629, 45855658.61771, 99897.32127, 65.517%
64, 2.16629, 12152528068.31823, 24721944.21759, 60.088%
65, 2.16629, 3244721.57413, 7088.65736, 60.262%
66, 2.16629, 49779279.84590, 119212.86540, 67.411%
67, 2.16629, 992692.61385, 3254.23417, 64.732%
68, 2.16629, 192774511250913.81250, 385549049237.26361, 63.274%
69, 2.16629, 15707297.92379, 85527.65668, 60.731%
70, 2.16629, 154804283.33620, 332905.26043, 62.882%
71, 2.16629, 3219438623.67265, 6525989.07627, 68.919%
72, 2.16629, 4090818.53773, 9764.87710, 65.022%
73, 2.16629, 41772111.83871, 132017.83600, 62.389%
74, 2.16629, 3423231786.84399, 7054536.13442, 71.364%
75, 2.16629, 9580260.29232, 26623.90994, 68.142%
76, 2.16629, 83810251.12656, 174663.86059, 65.611%
77, 2.16629, 23779065144.15550, 47798264.07269, 62.727%
78, 2.16629, 22872208897.44344, 45750599.26662, 65.179%
79, 2.16629, 12525197.76821, 27645.99704, 67.411%
80, 2.16629, 213071992.65484, 435682.66961, 63.158%
81, 2.16629, 629015.99989, 4183.84119, 63.559%
82, 2.16629, 3568029.88493, 8699.18443, 60.444%
83, 2.16629, 631717833.17032, 1372457.88897, 55.856%
84, 2.16629, 755580844.04410, 1531344.12367, 63.927%
85, 2.16629, 5199054177571.49414, 10398481894.34270, 61.644%
86, 2.16629, 2629460.80233, 12671.83934, 61.905%
87, 2.16552, 2585212357.69239, 5207620.21366, 59.821%
88, 2.16552, 1311476888.11452, 2670495.41858, 60.714%
89, 2.16552, 20330307116.66232, 40947148.22046, 47.186%
90, 2.16552, 5964579.97291, 25148.18804, 61.486%
91, 2.16552, 227595621.75297, 461608.41042, 66.063%
92, 2.16552, 29512359882.86872, 59078233.71166, 61.435%
93, 2.16552, 584996741.48773, 1567389.13465, 58.407%
94, 2.16552, 21084557063.64047, 42176531.02630, 66.964%
95, 2.16552, 28645297.45556, 65450.34291, 67.411%
96, 2.16552, 9416347.43356, 33684.57203, 61.062%
97, 2.16552, 4637304833.45339, 9307020.17249, 65.625%
98, 2.16552, 222219.67017, 909.47866, 63.393%
99, 2.16552, 66570124.67756, 263029.42610, 64.865%
100, 2.16552, 3116110772.90509, 6239749.92419, 69.620%

Number of variables: 1
Tree:
ADD
L1: |---DIV
L2: |---|---DIV
L3: |---|---|---SUB
L4: |---|---|---|---ADD
L2: |---|---|---|---|---VAR1
R5: |---|---|---|---|---0.0236501303535
R1: |---|---|---|---VAR1
R3: |---|---|---0.921303798457
R4: |---|---VAR1
R4: |---VAR1

Fitness: 2.16551645611
Elapsed time: 74.872888 (s)