File: ../datasets/SR_div_noise.txt
N_vars: 1 N_gens: 100 Pop_size: 500 XP: 0.9 MP: 0.05 TS: 20 MAX_D: 6 MIN_D: 1
[GEN], [BEST_FIT], [WORST_FIT], [AVG_FIT], [% BETTER CHILDREN]
1, 9.97713, 7958683706193.16895, 15919096998.34982, 39.035%
2, 8.61228, 581921901.26966, 1401240.96007, 33.553%
3, 3.12481, 134261032925459.81250, 268523929454.84445, 40.271%
4, 3.12481, 6900411249.33511, 15085222.20696, 26.087%
5, 2.99953, 53420580990.11482, 108961877.76084, 24.439%
6, 2.99953, 2878165947.94601, 7100465.01371, 23.874%
7, 2.30051, 350807967.88180, 772455.47014, 34.914%
8, 2.29152, 10770589611.25035, 39737707.37190, 23.026%
9, 2.28577, 1747503499.67764, 4457872.37193, 30.258%
10, 2.28577, 2967096010.99796, 6906848.16819, 30.180%
11, 2.28577, 762550932363.15820, 1542293345.86587, 34.932%
12, 2.28577, 228447558338.19913, 456953824.06655, 36.712%
13, 2.28577, 7090504.38924, 27312.49887, 43.805%
14, 2.28577, 198389984974.61148, 418978913.04654, 42.661%
15, 2.28577, 155956541.61839, 749101.14657, 37.719%
16, 2.27999, 51108160093.72212, 102286857.72390, 40.506%
17, 2.27999, 11269868.95348, 47513.17681, 47.991%
18, 2.27999, 2094796656833.38965, 4408509007.35966, 30.090%
19, 2.27572, 769273668.43235, 2915712.97607, 46.347%
20, 2.27572, 3163926104.86928, 12372199.62148, 36.739%
21, 2.27572, 20350417473.19966, 55201742.54194, 45.690%
22, 2.27572, 1037146324.99904, 2107881.56373, 40.889%
23, 2.27572, 631658140451.93066, 1263329714.63678, 43.049%
24, 2.26770, 33659355.04238, 134739.41887, 43.304%
25, 2.26770, 387628637977690.37500, 775257572655.00854, 46.606%
26, 2.26770, 189761109.79810, 390893.97068, 35.045%
27, 2.26770, 919286953366419.00000, 1838574439889.41772, 24.558%
28, 2.26770, 3065029926.89015, 10773236.05000, 27.934%
29, 2.26770, 2112091491.93793, 6234009.03736, 33.188%
30, 2.26770, 254347860.53719, 699494.17717, 29.493%
31, 2.26341, 217547671.51710, 550743.15806, 33.921%
32, 2.26341, 36218065172.95187, 72482843.38164, 25.862%
33, 2.26341, 84963897.84393, 236112.45708, 29.186%
34, 2.26341, 24078399921.27119, 49173822.41574, 22.368%
35, 2.26341, 15534750492.12744, 40029228.87056, 28.995%
36, 2.26341, 3647065259.10744, 15365266.06265, 34.545%
37, 2.26341, 1778784.38943, 12255.23600, 27.511%
38, 2.26341, 36917923.56822, 117838.87085, 33.333%
39, 2.26341, 487096425.49033, 1056486.27523, 33.628%
40, 2.26341, 6984012507.58465, 14469601.71720, 25.339%
41, 2.26341, 104683553.20898, 412132.66071, 32.589%
42, 2.26341, 40164265507.18045, 81747810.13917, 25.551%
43, 2.26126, 15601689.85270, 43688.97499, 29.130%
44, 2.23889, 34177526.28450, 195480.18870, 34.222%
45, 2.23424, 6247950859448786.00000, 12495974770772.02539, 33.408%
46, 2.23424, 81114595112.76372, 178552997.98495, 18.636%
47, 2.23424, 61620673464.62350, 128166379.73102, 26.667%
48, 2.23424, 1945846105.63382, 4933299.63221, 30.134%
49, 2.23424, 2203880131.37016, 4974718.12001, 29.204%
50, 2.23424, 565659045.15092, 1568631.00956, 25.664%
51, 2.23424, 11450631320.39206, 23473839.80325, 33.184%
52, 2.23424, 90951130.33398, 347954.92308, 25.339%
53, 2.23424, 679354883161.80481, 1358838542.63838, 31.466%
54, 2.23424, 1916816745.05919, 3935971.94418, 33.186%
55, 2.23424, 514756064.22502, 1394203.27298, 29.956%
56, 2.23424, 5513172.44496, 20737.46919, 30.531%
57, 2.23424, 2283868022.46892, 4591858.25314, 33.186%
58, 2.23424, 91172292.42425, 191598.86834, 33.032%
59, 2.23424, 1160655947.48816, 2608817.77236, 32.599%
60, 2.23424, 17172874.51910, 43498.94303, 32.127%
61, 2.23424, 5552147.23959, 23591.97929, 33.190%
62, 2.23424, 14767096.19796, 71689.08984, 35.909%
63, 2.23424, 1038499076.46942, 2148049.61038, 27.753%
64, 2.23424, 12759569.27507, 56931.68826, 30.180%
65, 2.23424, 710830816.26622, 1639056.86140, 34.389%
66, 2.23424, 332690348.05920, 752906.56712, 27.679%
67, 2.23424, 91040533.16509, 317207.70406, 38.182%
68, 2.23424, 8477333.88017, 27403.18241, 30.568%
69, 2.23424, 24261719620.38008, 48539287.13380, 32.035%
70, 2.23424, 26856199201.45514, 54735843.42022, 32.301%
71, 2.23424, 88281464307.99741, 176646709.36114, 33.778%
72, 2.23424, 4689771012.32457, 9432338.05793, 26.667%
73, 2.23424, 184772539.78938, 710673.74524, 27.826%
74, 2.20698, 19742477766998.31641, 39485769302.93374, 30.876%
75, 2.20698, 308969291.82422, 651124.99101, 31.111%
76, 2.20698, 181043521222.75723, 376765290.38839, 20.444%
77, 2.20698, 1680050074128.24487, 3364178118.79726, 26.906%
78, 2.20698, 1765456476.94307, 3554568.51018, 33.182%
79, 2.20698, 6718911928.32346, 26984074.01564, 26.339%
80, 2.20698, 24078098.85210, 81201.59872, 30.317%
81, 2.20698, 157503203.65831, 528737.21238, 33.624%
82, 2.20698, 43345049.25582, 184389.20582, 35.294%
83, 2.20698, 67107908067.24627, 134449017.22484, 29.864%
84, 2.20698, 916448401.71654, 1922299.55970, 31.193%
85, 2.20698, 455210498.60419, 1029735.57461, 26.761%
86, 2.20698, 33166955.48914, 100696.51911, 37.500%
87, 2.20698, 10183149531.97386, 21197556.37037, 37.156%
88, 2.20698, 32585301.15760, 97613.08388, 23.894%
89, 2.20698, 20732070354.42770, 42788528.63456, 31.982%
90, 2.20420, 52377642.12915, 131385.57759, 39.111%
91, 2.20420, 337195821.62015, 851000.70114, 28.384%
92, 2.20420, 2268125288.59404, 4682701.57357, 28.700%
93, 2.20420, 2159951734.02355, 4429776.42196, 25.670%
94, 2.20420, 18878035559.52105, 41498796.80592, 32.883%
95, 2.20420, 1208019055.47499, 2494582.73247, 31.111%
96, 2.20420, 225054985.95065, 459442.17364, 36.444%
97, 2.20420, 547059902.11216, 1658332.47610, 30.000%
98, 2.20420, 2019398999.96841, 6241601.75397, 32.407%
99, 2.20420, 49000810114.16553, 98633892.25628, 29.018%
100, 2.20420, 34807034.17494, 96227.91757, 26.991%

Number of variables: 1
Tree:
DIV
L1: |---ADD
L2: |---|---DIV
L3: |---|---|---MUL
L2: |---|---|---|---0.993591116106
R4: |---|---|---|---0.0246750876
R2: |---|---|---VAR1
R2: |---|---VAR1
R2: |---ADD
L3: |---|---0.617569880875
R3: |---|---0.363128271899

Fitness: 2.20420139281
Elapsed time: 84.482291 (s)