File: ../datasets/SR_div_noise.txt
N_vars: 1 N_gens: 100 Pop_size: 500 XP: 0.9 MP: 0.05 TS: 20 MAX_D: 6 MIN_D: 1
[GEN], [BEST_FIT], [WORST_FIT], [AVG_FIT], [% BETTER CHILDREN]
1, 8.79237, 1285059306.02318, 5832497.57127, 36.481%
2, 8.54836, 829673011975.57703, 1686861802.31457, 32.727%
3, 8.54836, 2459276423.38724, 11643653.30945, 27.313%
4, 8.54836, 2232656212.58858, 6565067.69240, 18.640%
5, 8.54836, 8936256615.49212, 33868848.04844, 23.409%
6, 8.54836, 38403068059.27371, 77217256.14809, 30.921%
7, 8.54836, 7343436042.63240, 20132329.97284, 39.437%
8, 8.54836, 2217626045.08679, 4446608.35961, 44.589%
9, 8.54836, 581989544188.88721, 1164415163.82596, 42.857%
10, 8.54836, 121078417175.09988, 244315264.97504, 36.486%
11, 8.54836, 1872121000.13693, 3804541.62836, 39.394%
12, 8.54836, 187547930.09642, 384633.08663, 40.435%
13, 6.90860, 63037965696594.36719, 126076666468.18109, 38.053%
14, 6.90860, 6682457850.73949, 13376131.21297, 37.385%
15, 4.77876, 304896603.29031, 1257833.69342, 26.697%
16, 4.39943, 696424454253.16492, 2324417662.58056, 25.108%
17, 3.55447, 43227936.14884, 153659.44200, 23.982%
18, 2.45237, 42861355431.38513, 102357207.34173, 25.110%
19, 2.43416, 4422642059699.20020, 12424776115.14490, 20.222%
20, 2.29140, 48736152774.31544, 97872137.28118, 19.214%
21, 2.29140, 4880717306.46787, 10301101.98679, 19.956%
22, 2.23013, 42431714.99473, 208465.09459, 24.318%
23, 2.23013, 55091436.44595, 226931.65938, 36.512%
24, 2.23013, 827757600.85290, 1691053.52265, 34.910%
25, 2.23013, 38961339.45890, 138627.19946, 56.054%
26, 2.23013, 5064608639.80705, 10215091.66440, 51.770%
27, 2.23013, 9893632.96465, 31510.61109, 61.572%
28, 2.23013, 945685150.72306, 2689452.22042, 60.086%
29, 2.23013, 98747537.64411, 256003.26483, 54.667%
30, 2.23013, 2041005210.43492, 4109435.26239, 61.674%
31, 2.23013, 6863461758.25769, 13738214.58050, 51.316%
32, 2.23013, 184082446.54258, 372829.52664, 55.605%
33, 2.23013, 13352557.68178, 38307.89000, 57.391%
34, 2.23013, 212541633252501.15625, 425083794336.87982, 63.556%
35, 2.23013, 50074969.80283, 110752.64288, 58.515%
36, 2.19579, 141598220.61103, 288980.26453, 58.447%
37, 2.19579, 826744135.61539, 2226851.76792, 59.722%
38, 2.19579, 37902423599.19091, 76548944.71390, 45.614%
39, 2.16530, 12714899.37920, 28722.73144, 62.609%
40, 2.16530, 31910921.06744, 87312.70571, 53.493%
41, 2.16530, 74821555.11185, 222305.22028, 42.731%
42, 2.16530, 2643152908.02467, 10034222.39361, 62.832%
43, 2.16530, 207736689.62373, 478661.36668, 55.411%
44, 2.16530, 110513850.45744, 221338.59178, 56.579%
45, 2.16530, 2295216343.01592, 4630278.90228, 57.143%
46, 2.16530, 3442116966.51644, 6886581.28956, 58.333%
47, 2.16530, 5071968553672.84277, 10146152295.28858, 56.502%
48, 2.16530, 75534748.04280, 162565.74404, 61.712%
49, 2.16530, 356353395.29303, 748162.53928, 53.744%
50, 2.16530, 377512659.61401, 758202.03943, 57.991%
51, 2.16530, 1236373044.42502, 3024517.38372, 55.000%
52, 2.16530, 64271381.76509, 156519.61789, 53.363%
53, 2.16530, 3382256275.97069, 6786705.30848, 59.174%
54, 2.16530, 3119062.54098, 10239.00451, 61.304%
55, 2.16530, 6244175.88469, 23985.04079, 58.850%
56, 2.16530, 29443527.70025, 149195.74042, 65.939%
57, 2.16530, 63735688.62042, 138442.33960, 60.360%
58, 2.16530, 56015933.32113, 157498.94565, 59.375%
59, 2.16530, 44429063085.44314, 89000887.11066, 59.447%
60, 2.16530, 343445486306.16095, 812726399.58353, 55.093%
61, 2.16530, 862278012118.15283, 1724563480.92351, 62.882%
62, 2.16530, 222720871.36917, 468326.87854, 59.009%
63, 2.16530, 3376369.82036, 12960.00779, 60.088%
64, 2.16530, 906181231.83465, 2755397.64396, 60.965%
65, 2.16530, 855651.62192, 5647.18925, 60.538%
66, 2.16530, 3910847.40587, 9939.55515, 55.856%
67, 2.16530, 5706153.52415, 18587.09913, 53.712%
68, 2.16530, 218076688.20111, 451703.55833, 52.863%
69, 2.16530, 16532585.94207, 66331.92928, 60.177%
70, 2.16530, 1421268692.62964, 2853237.52805, 62.385%
71, 2.16530, 19796591.80594, 83690.86124, 56.306%
72, 2.16530, 27335258.24579, 108589.30359, 56.338%
73, 2.16530, 5000132.11766, 20331.06848, 53.913%
74, 2.16530, 336271772.62936, 730961.01220, 58.515%
75, 2.16530, 6340350.09317, 17603.51570, 59.052%
76, 2.16530, 398432.25822, 2416.21073, 55.947%
77, 2.16530, 518419727.80376, 1209607.30940, 53.744%
78, 2.16530, 6888524369.67725, 13789161.17410, 56.306%
79, 2.16530, 944763.25671, 4290.77564, 56.757%
80, 2.16530, 27937130.34772, 75512.91313, 60.538%
81, 2.16530, 11533532.41486, 50898.26656, 57.826%
82, 2.16530, 21102155855.94222, 42369414.96980, 61.712%
83, 2.16530, 1187379860.83122, 2491752.29581, 57.399%
84, 2.16530, 9743510400.07154, 19640069.41994, 58.108%
85, 2.16530, 250988466524775.15625, 502007611994.33948, 56.757%
86, 2.16530, 5467009.22503, 16172.73081, 57.940%
87, 2.16530, 59653182.13782, 307555.10376, 51.351%
88, 2.16530, 69044200.43290, 142327.07622, 53.846%
89, 2.16530, 2193241114.18372, 4530747.10448, 57.333%
90, 2.16530, 1397757.38316, 5234.69080, 63.063%
91, 2.16530, 16857937376.29148, 34336551.58145, 57.333%
92, 2.16530, 1502468688.19645, 4466259.35194, 56.828%
93, 2.16530, 14175819.05500, 33878.48753, 53.604%
94, 2.16530, 60932051.88153, 122745.08589, 52.941%
95, 2.16530, 530706.07211, 2690.71711, 55.895%
96, 2.16530, 18620131.32823, 62935.19696, 58.079%
97, 2.16530, 22985040.81540, 56432.93829, 58.222%
98, 2.16530, 33283354351173.62500, 66566918532.98479, 60.731%
99, 2.16530, 125979279.48271, 502705.51607, 60.000%
100, 2.16530, 24581247206.14410, 49223284.48623, 64.414%

Number of variables: 1
Tree:
ADD
L1: |---MUL
L2: |---|---DIV
L3: |---|---|---ADD
L4: |---|---|---|---0.723751517514
R4: |---|---|---|---0.723751517514
R4: |---|---|---VAR1
R2: |---|---DIV
L3: |---|---|---VAR1
R3: |---|---|---DIV
L4: |---|---|---|---VAR1
R4: |---|---|---|---0.017660548112
R3: |---VAR1

Fitness: 2.16529907864
Elapsed time: 86.520362 (s)