File: ../datasets/SR_div_noise.txt
N_vars: 1 N_gens: 100 Pop_size: 500 XP: 0.9 MP: 0.05 TS: 20 MAX_D: 6 MIN_D: 1
[GEN], [BEST_FIT], [WORST_FIT], [AVG_FIT], [% BETTER CHILDREN]
1, 8.64288, 14286745511.93590, 55491940.05413, 35.185%
2, 8.64288, 117213559601.04646, 343768491.78139, 34.018%
3, 8.56658, 99659055912.49265, 242300728.90853, 23.661%
4, 8.55777, 22313523089807.56250, 44633985191.71578, 17.672%
5, 8.55715, 865593361.29207, 1904017.38968, 15.789%
6, 8.55715, 572023664.01575, 1608847.05023, 20.485%
7, 8.55648, 1675287993.81825, 3844054.31458, 34.061%
8, 8.55648, 7168498443163.75781, 27142925258.41174, 22.889%
9, 8.55648, 148364812.77871, 705210.96245, 20.524%
10, 8.55648, 19229871707.64135, 42787581.38126, 16.079%
11, 8.55648, 98250988.67519, 359394.82574, 41.667%
12, 8.55648, 374152415.36171, 760037.26643, 43.805%
13, 8.55648, 6720743.64885, 21111.54206, 47.162%
14, 8.55648, 12390320.46187, 28868.99905, 53.070%
15, 8.55648, 209507498.95577, 612832.65809, 51.770%
16, 8.55648, 145786414694127.93750, 291572843013.45471, 51.584%
17, 8.55538, 232345619.38574, 636486.95998, 52.863%
18, 8.55538, 271637861.36743, 729426.76288, 48.261%
19, 8.55538, 2831221086.31663, 5998388.95109, 28.182%
20, 8.55538, 5906155386951.83691, 11813221793.75218, 20.495%
21, 8.55538, 23507144.31844, 91619.09689, 38.263%
22, 8.55538, 6696386.72545, 19564.16505, 40.807%
23, 8.55538, 48807214309.40031, 97845987.58413, 36.564%
24, 8.55538, 29117629.37171, 68012.35596, 42.466%
25, 8.55538, 1936554391.88849, 3973586.38415, 45.413%
26, 8.55538, 1449724096.21229, 4148188.20708, 39.189%
27, 8.55538, 70904405.72038, 319364.06720, 36.239%
28, 8.55538, 134103622.45415, 279461.78683, 40.807%
29, 8.55538, 92222850192.03801, 184472929.00908, 39.556%
30, 8.55538, 16925907.48568, 61774.79941, 43.439%
31, 8.55538, 2645645.81020, 8777.35892, 36.087%
32, 7.78194, 6258682.20787, 28317.25011, 40.611%
33, 7.78194, 36387437259.13719, 72795406.98537, 36.123%
34, 7.78194, 162695263.68884, 547806.47632, 28.873%
35, 7.76656, 291311882.61197, 938621.11235, 31.797%
36, 7.76656, 210456139142.42761, 427852978.16113, 35.023%
37, 7.73805, 533232752527.78668, 1070088521.14743, 29.241%
38, 7.73805, 981264357.79202, 2224029.86684, 39.238%
39, 7.72639, 5066110367.81230, 14455468.62843, 34.247%
40, 7.71642, 331627763.52473, 1189779.60061, 30.631%
41, 7.71358, 66174451305.56674, 156532462.97244, 29.258%
42, 7.66068, 266346663.58622, 1052611.15383, 25.000%
43, 7.66068, 2812293781.03746, 8194444.59049, 27.376%
44, 7.66068, 40822132.38733, 323147.16646, 21.591%
45, 7.65104, 2875659158.81570, 7292677.35714, 26.126%
46, 7.65104, 265783334455526.50000, 531567042681.74384, 33.710%
47, 7.65104, 541250362.41851, 1125884.53212, 32.174%
48, 7.65104, 2398894607.76259, 5279220.97261, 31.881%
49, 7.65104, 24281257484.57186, 48849099.18438, 36.199%
50, 7.65104, 8530510.96506, 24907.25788, 39.474%
51, 7.65104, 11785542.48425, 61516.82187, 37.946%
52, 7.65104, 90379616.46113, 319036.00600, 32.870%
53, 7.64450, 1679552881.30837, 3617772.10701, 35.590%
54, 7.64450, 2042707382.74025, 6629206.32949, 39.908%
55, 7.64450, 26544021585.54720, 61698269.16256, 29.646%
56, 7.64450, 4421563313036178944.00000, 8843128131032753.00000, 27.876%
57, 7.64450, 2136995054.35070, 6341861.10474, 36.199%
58, 7.64450, 633041438.30614, 1319588.14266, 35.398%
59, 7.64450, 33985991462.95292, 69417903.50882, 35.616%
60, 7.64450, 12552714003.67802, 37074965.74665, 40.086%
61, 7.64450, 1114164538678.91748, 2231851990.44332, 37.229%
62, 7.64450, 2287081.55892, 13109.81840, 38.222%
63, 7.64450, 43782798.99293, 103833.53457, 42.857%
64, 7.64450, 16471689331.95157, 55292630.93402, 37.557%
65, 7.64450, 720033492.51295, 1468919.29314, 42.358%
66, 7.64450, 196677791.83899, 526888.28711, 39.301%
67, 7.64450, 71732722.21927, 276236.27837, 42.544%
68, 7.64450, 31471104881.14865, 62949191.07455, 31.915%
69, 7.64450, 26303619.63343, 68394.85494, 30.631%
70, 7.64450, 7952195.10075, 48908.39378, 35.238%
71, 7.64450, 10682718168.01688, 21474174.73887, 31.193%
72, 7.64450, 20621992.83725, 45621.48930, 37.991%
73, 7.64450, 16258913.01840, 37354.66224, 40.351%
74, 7.64450, 507200211.08072, 1921019.92101, 41.631%
75, 7.64450, 7317725370461.22949, 14635515163.56773, 37.719%
76, 7.64450, 2298334496.34918, 4920854.69999, 45.133%
77, 7.64450, 416603102.87481, 869999.22247, 38.667%
78, 7.64450, 369589913934.94153, 739213738.11792, 44.298%
79, 7.64450, 1354859962869.37207, 2709824809.14977, 35.931%
80, 7.64450, 193815674.56544, 548281.58069, 36.486%
81, 7.64450, 482641503.91179, 1478626.24533, 43.396%
82, 7.64450, 1723858255.54946, 3996195.21678, 36.797%
83, 5.05828, 745267172.89226, 2342603.48330, 36.652%
84, 4.19902, 374816732914349632.00000, 749633497996172.62500, 35.748%
85, 2.28302, 13857485681.93950, 27883484.38943, 26.371%
86, 2.28302, 2105401761783593.75000, 4210843884520.76807, 24.887%
87, 2.21116, 80817636.05653, 315866.65678, 32.391%
88, 2.21116, 305022396.23864, 824083.66108, 38.073%
89, 2.21116, 11641315701.30600, 23313488.77038, 31.681%
90, 2.21116, 39370918810.57346, 79022130.30686, 33.710%
91, 2.21116, 33902547177.15646, 94814866.39119, 42.601%
92, 2.21116, 769672011.61305, 1547801.11879, 43.805%
93, 2.21116, 18965889.50847, 54959.79676, 42.918%
94, 2.21116, 1041955592.22653, 3107563.91441, 40.724%
95, 2.21116, 6370100731.19127, 14901942.48942, 42.601%
96, 2.21116, 1250125.12843, 5897.68666, 40.351%
97, 2.21116, 123353807.02150, 298320.47319, 42.793%
98, 2.21116, 7860675.83116, 23187.35478, 43.363%
99, 2.21116, 1391376057.82224, 4135797.68480, 43.891%
100, 2.21116, 17197950.25456, 61027.29224, 46.018%

Number of variables: 1
Tree:
ADD
L1: |---VAR1
R1: |---DIV
L2: |---|---0.166742584536
R2: |---|---MUL
L4: |---|---|---MUL
L1: |---|---|---|---VAR1
R3: |---|---|---|---0.502616552679
R3: |---|---|---DIV
L4: |---|---|---|---DIV
L5: |---|---|---|---|---VAR1
R5: |---|---|---|---|---VAR1
R4: |---|---|---|---0.0822933426986

Fitness: 2.21116323689
Elapsed time: 90.011490 (s)