File: ../datasets/SR_circle.txt
N_vars: 1 N_gens: 20 Pop_size: 350 XP: 0.9 MP: 0.3 TS: 80 MAX_D: 6 MIN_D: 1
[GEN], [BEST_FIT], [WORST_FIT], [AVG_FIT], [% BETTER CHILDREN]
1, 31.78909, 139011143.37591, 458323.83059, 0.000%
2, 31.78909, 3976189.83949, 14257.18873, 59.416%
3, 31.78909, 293353.06968, 3204.88179, 75.926%
4, 31.78909, 67617227.25403, 198036.00137, 75.000%
5, 31.78909, 29681067.15206, 91999.13123, 77.848%
6, 31.78909, 156751.99016, 634.85238, 82.622%
7, 31.78909, 2882324.92576, 9049.26187, 85.366%
8, 31.78909, 2157674.59635, 8182.61422, 86.364%
9, 31.78909, 435917.85948, 1961.17049, 90.705%
10, 31.78909, 6529844.73124, 20025.17564, 86.218%
11, 31.78909, 10376.07900, 151.67373, 90.683%
12, 31.78909, 1328237.44295, 4219.22063, 89.157%
13, 31.78909, 3249407.90476, 9726.71465, 87.975%
14, 31.78909, 249408.82934, 921.43252, 90.252%
15, 31.78909, 276223.58777, 2458.87205, 91.346%
16, 31.78909, 381775.02703, 2067.49011, 91.509%
17, 31.78909, 47753270.99326, 148035.04263, 91.304%
18, 31.78909, 101046813.66593, 288801.18544, 91.867%
19, 31.78909, 854812.59435, 2608.06762, 96.667%
20, 31.78909, 149435.23790, 1085.42971, 93.671%
