File: ../datasets/SR_div.txt
N_vars: 1 N_gens: 100 Pop_size: 500 XP: 0.6 MP: 0.1 TS: 10 MAX_D: 6 MIN_D: 3
[GEN], [BEST_FIT], [WORST_FIT], [AVG_FIT], [% BETTER CHILDREN]
1, 11.51294, 1917299857574.30127, 4000636647.45723, 0.000%
2, 8.99283, 306959216.89281, 653045.72527, 41.346%
3, 4.80719, 6214439706.03004, 13656414.09242, 26.408%
4, 4.80719, 121038460436.85457, 243188299.14720, 25.497%
5, 4.77330, 235243937.67721, 869505.19553, 20.946%
6, 1.22526, 8549691960.00291, 20696645.50698, 13.057%
7, 1.22526, 14525278929625.71094, 29050581703.75995, 18.000%
8, 1.22526, 6273686.68302, 34712.30349, 16.443%
9, 0.54087, 424959495.00207, 966399.13702, 13.605%
10, 0.45595, 317691519.84595, 1429741.21648, 14.726%
11, 0.45595, 561246508487.67493, 1142432024.36793, 15.549%
12, 0.20651, 292425582.69625, 604850.86589, 14.610%
13, 0.20651, 189587744751.27704, 398720072.48413, 12.857%
14, 0.20651, 325961816176.48529, 652076487.72760, 8.788%
15, 0.20497, 2207328407215.51367, 5314589205.85764, 6.786%
16, 0.17374, 8465841934188.35547, 16933312628.19225, 10.577%
17, 0.09435, 1400804912.22158, 2878995.46080, 17.647%
18, 0.06905, 3488110686.45703, 7009627.64423, 15.468%
19, 0.06905, 448955441.03879, 934831.69183, 24.296%
20, 0.06905, 1422587228.98419, 4038421.35015, 14.650%
21, 0.06905, 1547661602.36934, 6369260.19360, 16.340%
22, 0.06073, 1424577172.17006, 3068997.67994, 28.322%
23, 0.06073, 192654536.47178, 603666.04408, 15.563%
24, 0.06073, 111401226.70033, 316186.35908, 19.868%
25, 0.06073, 26368433.62074, 62796.39258, 33.987%
26, 0.06073, 55702679691.05485, 112544081.37271, 39.333%
27, 0.06073, 53112183.98527, 202949.01391, 40.909%
28, 0.06073, 93816940018.28740, 188711160.23317, 35.948%
29, 0.06073, 42927649.94047, 200554.26182, 41.447%
30, 0.06073, 384113210.22450, 1198374.80015, 46.528%
31, 0.06073, 366044468451.87219, 844723730.29481, 51.969%
32, 0.06073, 133653783.73801, 364490.83764, 46.835%
33, 0.06073, 578189384.00301, 1615128.99306, 43.949%
34, 0.06073, 7809810.04505, 22491.44674, 41.830%
35, 0.06073, 175967839.01715, 483695.45960, 43.972%
36, 0.06073, 832440706.53024, 2496327.77326, 32.000%
37, 0.06073, 18847095678.53064, 46176614.76320, 44.654%
38, 0.06073, 1397529182118135.75000, 2795086200497.09082, 46.207%
39, 0.06073, 5106944023.68353, 11322755.50786, 42.308%
40, 0.06073, 370057521.11034, 1048934.87515, 39.474%
41, 0.06073, 60782223559.51958, 122364012.39961, 44.966%
42, 0.06073, 30097337.42287, 154691.30241, 44.526%
43, 0.06073, 10511158317.24582, 25740180.06389, 39.441%
44, 0.06073, 1245638636.80129, 2535532.30348, 43.919%
45, 0.06073, 1489009715.07939, 3968588.40514, 46.691%
46, 0.06073, 7027934952647.44531, 14062514859.18317, 44.286%
47, 0.06073, 10404482.92927, 28820.43213, 46.795%
48, 0.06073, 40197281.85348, 103137.43541, 41.975%
49, 0.06073, 10828446663.65571, 21847199.02651, 39.333%
50, 0.03754, 10495858550.16247, 24034615.87973, 44.218%
51, 0.03754, 396228011.86224, 832405.85516, 42.759%
52, 0.03754, 16275076627.49466, 34787745.59552, 43.403%
53, 0.03754, 398985905.61263, 1166458.62875, 30.345%
54, 0.03754, 206006311713.62152, 417936067.88079, 44.408%
55, 0.03754, 1626999307.15524, 3830952.81508, 37.662%
56, 0.03754, 9403631052.87114, 19039611.64934, 43.662%
57, 0.03754, 87804530147.77930, 213550998.15467, 39.147%
58, 0.03754, 1656284252.20945, 4041103.93790, 46.753%
59, 0.03754, 349198036090.24042, 728822356.20775, 44.910%
60, 0.03754, 10531980139.25918, 24129747.21498, 44.030%
61, 0.03754, 288591950.64914, 1180860.31700, 43.624%
62, 0.03754, 13218750315.73397, 26506412.51181, 43.226%
63, 0.03754, 858611889187.70483, 1717330877.92046, 45.779%
64, 0.03754, 3273579513328.31250, 6548437541.38177, 46.853%
65, 0.03754, 1215565492.91707, 2884575.10497, 44.444%
66, 0.03754, 40494101.00603, 193111.75625, 47.260%
67, 0.03754, 905886215.85338, 2603761.60875, 54.140%
68, 0.03754, 14700617817.09398, 30085481.87557, 42.236%
69, 0.03754, 336320099.33860, 801801.88526, 43.226%
70, 0.03754, 2899605345865.60547, 5857386651.80568, 44.521%
71, 0.03754, 5870758168.84896, 12169037.37709, 42.667%
72, 0.03754, 129523659.49387, 479054.40327, 39.873%
73, 0.03754, 37617423690.65598, 75618708.82033, 42.581%
74, 0.03754, 5115143229.66523, 16549828.74753, 43.919%
75, 0.03754, 4266786667.87913, 9045279.84676, 40.397%
76, 0.03754, 5168397912174.13086, 10350829011.56063, 44.000%
77, 0.03754, 264298450831.35788, 536095142.94483, 47.682%
78, 0.03754, 151447947.42804, 665880.28748, 53.061%
79, 0.03754, 19935824678.30934, 41026338.96604, 44.410%
80, 0.03754, 7199053451.82440, 19877922.26685, 42.208%
81, 0.03483, 8034955.54876, 47650.44280, 47.436%
82, 0.03483, 660120566038.50623, 1358937349.62697, 46.959%
83, 0.03483, 6303547631.28602, 14702955.10441, 37.248%
84, 0.03483, 3092025168.40934, 7416069.16342, 34.615%
85, 0.03483, 4083558043.97041, 8682379.93566, 39.286%
86, 0.03483, 2143800630.03063, 4412193.14638, 42.258%
87, 0.03483, 141926303806.44281, 333933088.40627, 49.351%
88, 0.02573, 366201263206.49969, 732470368.02782, 39.437%
89, 0.02573, 24998618.47319, 108228.26526, 39.062%
90, 0.02573, 24456372.59141, 93871.70554, 30.719%
91, 0.02573, 5478979.40745, 37576.00624, 33.000%
92, 0.02573, 2805472603.69215, 10405674.10271, 40.690%
93, 0.02573, 159452064101835488.00000, 318904128327965.37500, 49.367%
94, 0.02573, 251451512729.98114, 503800511.39901, 44.444%
95, 0.02573, 107860150754.51125, 483423448.81778, 43.333%
96, 0.02573, 899660230335.99182, 1800268973.29367, 40.625%
97, 0.02573, 818170688409595.25000, 1636350137817.80859, 44.792%
98, 0.02573, 9070715309.93939, 18706068.69488, 44.966%
99, 0.02573, 64516744418.73685, 129152008.92265, 41.509%
100, 0.02573, 102095957.54897, 346301.01086, 51.316%
