File: ../datasets/SR_div.txt
N_vars: 1 N_gens: 300 Pop_size: 100 XP: 0.6 MP: 0.1 TS: 30 MAX_D: 6 MIN_D: 3
[GEN], [BEST_FIT], [WORST_FIT], [AVG_FIT], [% BETTER CHILDREN]
1, 15.29236, 910353869.09085, 9257925.64791, 0.000%
2, 12.72042, 2495873.18875, 37310.36299, 34.848%
3, 11.90834, 11675712.38690, 144732.84781, 34.483%
4, 7.04431, 139310861.23754, 2023264.32755, 26.667%
5, 5.79459, 360177978.56775, 5330912.70723, 18.182%
6, 5.21370, 9166826.99876, 111520.88546, 16.667%
7, 2.86928, 67422.04693, 2146.23834, 20.000%
8, 2.86928, 11123602.70931, 238752.10819, 17.188%
9, 1.96233, 79699816.44857, 806481.89279, 35.484%
10, 1.82908, 1259282.52106, 14769.06823, 21.053%
11, 1.82908, 757987.93433, 11532.72249, 16.071%
12, 1.82908, 106248919.20744, 1168442.12826, 21.212%
13, 1.82908, 14103580.50119, 172081.39006, 16.667%
14, 1.79567, 153670.85156, 3218.61107, 32.812%
15, 1.73057, 430957.10736, 9367.79490, 21.212%
16, 1.73057, 172745.62230, 4232.28624, 25.862%
17, 1.67410, 114615.50975, 2732.32615, 34.848%
18, 1.67410, 61208911.25611, 656968.67002, 20.690%
19, 1.67410, 3173971.99538, 52099.03702, 25.926%
20, 1.67410, 168629.68879, 6679.84235, 16.000%
21, 1.67410, 12195118.54967, 122431.63289, 16.667%
22, 1.36743, 4307099.40801, 45904.93365, 31.429%
23, 1.36743, 11633993.44324, 173399.48432, 13.793%
24, 1.30840, 2751738008.47852, 27530795.39548, 27.778%
25, 1.02971, 160361.67545, 2693.03431, 24.359%
26, 1.02971, 129864165964.28778, 1298643997.80022, 31.034%
27, 1.02971, 2802037.57202, 28482.20385, 18.333%
28, 1.02971, 4452646.53081, 50843.92770, 26.471%
29, 1.02971, 50534636690.11476, 505518495.82227, 29.630%
30, 1.02971, 2748683070.32798, 27489383.72975, 37.143%
31, 1.02971, 547146153.88354, 5524569.74452, 34.211%
32, 1.02971, 71590850.60307, 722282.97042, 25.000%
33, 1.02971, 143094086.85753, 1491162.22612, 24.138%
34, 1.02971, 275963192.30136, 5214438.22765, 22.581%
35, 1.02971, 10001724.87694, 107309.41601, 18.519%
36, 1.02971, 20894732894.59480, 264693428.74087, 25.862%
37, 1.02971, 472498.19022, 6551.09422, 17.241%
38, 1.02971, 115330321.11592, 1989838.59129, 20.690%
39, 1.02971, 59788978.59879, 651867.47974, 40.000%
40, 1.02971, 10020034.94042, 153854.76182, 26.087%
41, 1.02971, 570464.49366, 7939.69927, 13.889%
42, 1.02971, 30145837262.69642, 301463153.19700, 33.333%
43, 1.02971, 41813821579.04560, 418141267.68754, 20.690%
44, 1.02971, 281142409.43222, 3741429.39559, 24.242%
45, 1.02971, 159035.57808, 3218.95871, 18.333%
46, 1.02971, 6956810.87242, 72647.16182, 30.769%
47, 1.02971, 133653.68996, 2393.53282, 21.212%
48, 1.02971, 79425019.42971, 1653599.45722, 25.000%
49, 1.02971, 108908005.44315, 1109021.80766, 31.034%
50, 1.02971, 4720188.39950, 49341.63161, 29.630%
51, 1.02971, 1474049.45301, 16571.79538, 21.053%
52, 1.02971, 10685.47205, 259.06475, 16.667%
53, 1.02971, 6461206.49328, 70331.09019, 15.517%
54, 1.02971, 61319862427.58881, 613225556.74363, 26.923%
55, 1.02971, 199999670.27617, 3535465.20913, 33.929%
56, 1.02971, 480703600.62450, 8910831.70580, 16.176%
57, 1.02971, 6989921809.68525, 73029798.37829, 15.385%
58, 1.02971, 218314.02509, 4576.13431, 12.857%
59, 1.02971, 358220561.40127, 6571317.85078, 25.806%
60, 1.00198, 358053.36717, 11725.99132, 39.286%
61, 1.00198, 358944659.59328, 4461068.39623, 17.391%
62, 1.00198, 16474677.77045, 324570.69119, 4.839%
63, 1.00198, 12620698.83543, 141681.26982, 32.759%
64, 1.00062, 1978730.26029, 20422.79972, 27.143%
65, 1.00062, 5554248195.39191, 56226147.86549, 10.417%
66, 1.00062, 739572987.34198, 7904276.62359, 28.333%
67, 1.00062, 16073344843.19909, 160952442.55574, 34.000%
68, 1.00062, 1546225.69737, 21579.32812, 31.481%
69, 1.00062, 115135.65862, 3338.85071, 17.647%
70, 1.00062, 952160.95824, 25252.03765, 35.294%
71, 1.00062, 14814703740.04800, 149430649.16969, 22.857%
72, 0.97740, 198806.98466, 3975.36482, 23.333%
73, 0.97740, 19217954.68023, 213434.01685, 21.212%
74, 0.97740, 312227.21718, 6479.41897, 28.261%
75, 0.97740, 2055663780.14641, 20753783.40403, 18.182%
76, 0.97740, 388210.34811, 6578.29803, 25.676%
77, 0.97740, 393586.82490, 6470.03993, 17.742%
78, 0.97740, 331436192.70011, 3378006.47477, 24.138%
79, 0.97740, 14601757.41274, 155329.46763, 11.111%
80, 0.97740, 229896932.64179, 2319837.76496, 31.250%
81, 0.97740, 116326986.25877, 1429836.65311, 25.926%
82, 0.97740, 687244.61923, 7216.65935, 30.000%
83, 0.97740, 4947427593441.57520, 49474281163.52769, 19.697%
84, 0.97740, 79411690.05257, 801146.19691, 31.667%
85, 0.97740, 2046026593.58451, 20663548.36533, 27.419%
86, 0.97740, 142183197.71665, 1994212.63392, 25.926%
87, 0.97740, 159691.38920, 2044.24329, 17.568%
88, 0.97740, 276982.70098, 6344.28508, 18.182%
89, 0.97740, 12680907716.13323, 126851260.32134, 28.333%
90, 0.97740, 68403774.22837, 847860.92925, 20.000%
91, 0.97740, 3685320.30735, 45945.56436, 26.667%
92, 0.97740, 4183022.56719, 54237.14589, 22.581%
93, 0.97740, 17091619.96233, 193840.89520, 33.333%
94, 0.97740, 53772.35153, 1465.02576, 35.714%
95, 0.97740, 1921707.01486, 21133.63271, 25.000%
96, 0.97740, 28717607.46714, 289356.51473, 32.857%
97, 0.97740, 10498942.17744, 113695.12486, 31.818%
98, 0.97740, 146666.47530, 2390.45397, 32.258%
99, 0.97740, 88995278003.39052, 912985116.64188, 16.129%
100, 0.97740, 6164598.14193, 70407.03428, 36.667%
101, 0.97740, 253877342.23273, 2556522.67525, 27.419%
102, 0.97740, 38231596.25073, 730152.36501, 21.429%
103, 0.97740, 5232256.34154, 53686.73995, 20.000%
104, 0.97740, 67131.49806, 2340.30459, 15.152%
105, 0.97740, 14321038161.97788, 143273217.55582, 39.286%
106, 0.97740, 22584611.07149, 362092.86529, 46.552%
107, 0.97740, 460897.99762, 7061.62304, 14.516%
108, 0.97740, 254310.48816, 7048.40518, 26.786%
109, 0.97740, 15282548.28692, 153448.62436, 21.622%
110, 0.97740, 23392409.04095, 243432.59326, 19.643%
111, 0.97740, 92487.15440, 1933.20593, 27.419%
112, 0.97740, 21296008.93945, 318100.97672, 14.815%
113, 0.97740, 812906.74625, 18790.10149, 12.903%
114, 0.97740, 221189.83794, 5348.38058, 31.250%
115, 0.97740, 165752866.50735, 1856409.26670, 26.667%
116, 0.97740, 233205277.02613, 2496441.28173, 18.750%
117, 0.97740, 21726356.36400, 232572.77273, 40.000%
118, 0.96616, 11498278.38015, 168475.01193, 25.000%
119, 0.96616, 1557274.06521, 29502.21388, 17.391%
120, 0.96616, 12135754.55550, 122105.38208, 25.714%
121, 0.96616, 134236898.64438, 1354315.67790, 24.242%
122, 0.96616, 288916075.72349, 2893813.23660, 16.667%
123, 0.96616, 1707594856.02306, 17079297.79471, 22.581%
124, 0.96616, 267228893881.60120, 2675724344.73737, 21.667%
125, 0.96616, 19463741.86002, 198141.18927, 9.091%
126, 0.96616, 3877570.68758, 52382.88086, 26.562%
127, 0.96616, 2826720.69304, 52169.35600, 27.778%
128, 0.96616, 44948547.09476, 451059.07711, 26.667%
129, 0.96616, 2041188.79376, 30721.46385, 14.286%
130, 0.96616, 611973.84682, 8083.88113, 25.000%
131, 0.96616, 1783450.69884, 29990.92409, 13.793%
132, 0.96616, 27485920.18267, 304590.80333, 28.571%
133, 0.95677, 31237729.64173, 335888.16465, 20.690%
134, 0.95677, 190625.79113, 5662.00708, 22.727%
135, 0.95677, 57209329.57178, 586575.73384, 22.222%
136, 0.95677, 1752186.34480, 37877.16286, 39.394%
137, 0.95677, 6273954508334451712.00000, 62739545083553216.00000, 21.429%
138, 0.95677, 14987902.84305, 272428.74143, 12.500%
139, 0.95677, 222954409.21546, 2248010.86597, 34.783%
140, 0.95677, 34296.04347, 752.03800, 17.742%
141, 0.95677, 160232.10278, 6024.66694, 22.414%
142, 0.95677, 493102133807.05969, 4931022729.56341, 11.765%
143, 0.95677, 1885201.86904, 25526.31471, 18.333%
144, 0.95677, 2506196.93689, 37571.50627, 30.303%
145, 0.95677, 10855081.20353, 150685.53281, 27.083%
146, 0.95677, 6216959693.55458, 62177253.24082, 22.581%
147, 0.95677, 212018.44202, 3483.99540, 12.500%
148, 0.95677, 5309964.38517, 61893.04405, 26.667%
149, 0.95677, 50762510.77403, 515460.70445, 27.419%
150, 0.95677, 19947839.35198, 221693.19876, 23.333%
151, 0.95677, 17945171.66159, 334147.31515, 25.758%
152, 0.95677, 542511.15312, 10018.37172, 29.630%
153, 0.95677, 177462562594.73587, 1774627053.60938, 19.697%
154, 0.95677, 450925.94426, 9733.48677, 35.484%
155, 0.95677, 36673243654.38701, 366737677.08426, 25.714%
156, 0.95677, 203564112.18678, 2259538.61542, 25.714%
157, 0.95677, 415724.64345, 8177.99589, 24.138%
158, 0.95677, 1053704876.75455, 10638463.61659, 24.000%
159, 0.95677, 1319180311.31745, 13407861.58634, 11.111%
160, 0.95677, 386947145312.18323, 3869478478.40766, 18.333%
161, 0.95677, 7666860.50258, 93981.63259, 29.310%
162, 0.95677, 797603362605.16406, 8593442595.80997, 19.643%
163, 0.95677, 1570996.49318, 21427.47628, 18.750%
164, 0.95677, 28401454.80614, 502997.44391, 22.581%
165, 0.95677, 5654421.79029, 60560.72618, 28.571%
166, 0.95677, 10338028.85207, 125856.07325, 28.571%
167, 0.95677, 4383569.77379, 73654.17692, 23.438%
168, 0.95677, 22117358724.60586, 221218690.71849, 16.667%
169, 0.95677, 544272.88745, 7886.16881, 14.706%
170, 0.95677, 59961003.65141, 603648.46067, 25.676%
171, 0.95677, 256004190.13383, 2577150.03228, 17.308%
172, 0.95677, 16741530.09028, 177095.61779, 18.750%
173, 0.95677, 33758050.63046, 366041.71617, 14.062%
174, 0.95677, 251901.77157, 3534.38446, 13.333%
175, 0.95677, 25745268.56187, 282237.87043, 21.429%
176, 0.95677, 84103.46056, 1611.85733, 15.517%
177, 0.95677, 229263742.14160, 2573306.07590, 20.690%
178, 0.95677, 670732.30654, 20710.94543, 14.062%
179, 0.95677, 829902475.61684, 8471017.73662, 40.000%
180, 0.95677, 105390.19065, 1897.35042, 28.333%
181, 0.95677, 122108358013747.78125, 1221084317879.49487, 12.500%
182, 0.95677, 333014224.89857, 3956399.39258, 28.788%
183, 0.95677, 643691.93438, 13952.30280, 20.690%
184, 0.95677, 303968.31508, 4934.52138, 20.833%
185, 0.95677, 87186736.03650, 873713.41272, 12.500%
186, 0.95677, 31672668.91232, 835013.73944, 27.586%
187, 0.95677, 5505410468.48105, 55092490.47401, 13.333%
188, 0.95677, 334605273.74189, 3582767.28137, 31.034%
189, 0.95677, 101093862856.37804, 1144893983.03153, 23.529%
190, 0.95677, 28967266.44443, 397877.97479, 8.929%
191, 0.95677, 20346033.09035, 206250.01603, 22.222%
192, 0.95677, 427345742.87233, 7353400.98243, 54.348%
193, 0.95677, 9005605.63710, 131315.86465, 25.000%
194, 0.95677, 93101.77027, 2397.22293, 19.737%
195, 0.95677, 3963953.29961, 53079.75194, 21.875%
196, 0.95677, 68021.42799, 1652.93940, 25.000%
197, 0.95677, 1153185015.22308, 12260493.07140, 20.690%
198, 0.95677, 20858917425.02198, 225512313.15742, 13.793%
199, 0.95677, 2872599.10901, 42786.99098, 10.714%
200, 0.95677, 351857643631.16180, 5394593236.13692, 4.348%
201, 0.95677, 9514830.78582, 104459.79662, 23.529%
202, 0.95677, 217583.59446, 3668.35432, 17.742%
203, 0.95677, 748823280.45845, 7686798.00455, 15.000%
204, 0.95677, 18885.76909, 520.99484, 20.588%
205, 0.95677, 3152676.58761, 48461.65210, 15.152%
206, 0.95677, 751157.20177, 11827.44392, 34.375%
207, 0.95677, 146298.06402, 3372.39130, 23.333%
208, 0.95677, 375145.59564, 7081.24546, 27.778%
209, 0.95677, 82254240684.60364, 846363393.82388, 12.857%
210, 0.95677, 8799991.87745, 153566.09005, 15.000%
211, 0.95677, 16602345496.25029, 170537950.22835, 17.857%
212, 0.95677, 68874.30059, 1023.58920, 8.824%
213, 0.95677, 10867349.85442, 173399.54526, 27.273%
214, 0.95677, 6738341.21053, 127636.00315, 25.714%
215, 0.95677, 597824403.71776, 6310609.42595, 22.917%
216, 0.95677, 5001107073.30207, 51481392.63806, 27.419%
217, 0.95677, 3501586.56577, 46082.37818, 10.714%
218, 0.95677, 1713547046.60282, 17535172.64393, 33.333%
219, 0.95677, 140482.55462, 3357.46381, 30.769%
220, 0.95677, 1836864.47139, 37730.62423, 25.862%
221, 0.95677, 850625.22196, 12924.41960, 39.286%
222, 0.95677, 253863481.89813, 2539744.70225, 29.412%
223, 0.95677, 513069794.79186, 8463287.58329, 27.586%
224, 0.95677, 621535.52545, 8599.04496, 16.667%
225, 0.95677, 585706.71816, 6729.66626, 17.188%
226, 0.95677, 520005761.90700, 5379178.61143, 28.571%
227, 0.95677, 842059696.16900, 8707923.96224, 21.667%
228, 0.95677, 20292209.81316, 269077.76815, 27.586%
229, 0.95677, 5899857.37221, 76271.18929, 19.355%
230, 0.95677, 2762987514.43985, 27753439.64430, 29.310%
231, 0.95677, 84843570.25209, 891649.80290, 16.667%
232, 0.95677, 11169893787.51061, 111771707.73120, 17.857%
233, 0.95677, 95934152879.65970, 960705451.25796, 20.000%
234, 0.95677, 139181535.29638, 1423170.06250, 36.207%
235, 0.95677, 72283962.89093, 734031.74608, 20.968%
236, 0.95677, 673482.57499, 16669.93821, 24.138%
237, 0.95677, 798142.96720, 17527.51767, 15.625%
238, 0.95677, 5549565.91494, 98464.68993, 27.419%
239, 0.95677, 3674297.76947, 68996.08540, 20.000%
240, 0.95677, 69567660.74978, 715850.90401, 14.516%
241, 0.95677, 179682069.86782, 1913453.00022, 11.538%
242, 0.95677, 2991276.14174, 31066.09525, 18.750%
243, 0.95677, 124765439.08462, 1331859.38954, 21.429%
244, 0.95677, 245578452.50206, 2844427.12421, 10.714%
245, 0.95677, 74004.41065, 2177.34329, 16.071%
246, 0.95677, 1399267.45308, 16380.89461, 18.333%
247, 0.95677, 26459143.10166, 268935.38486, 35.714%
248, 0.95677, 235465260919874.90625, 2354780935185.38037, 28.000%
249, 0.95677, 1100075.52670, 26979.11878, 17.857%
250, 0.95677, 107088.57259, 2366.29102, 18.182%
251, 0.95677, 311102926.91533, 3555864.16293, 12.500%
252, 0.95677, 5257229.53990, 87988.68034, 26.667%
253, 0.95677, 46741047.37017, 607940.75491, 17.241%
254, 0.95677, 243963.20196, 3257.82368, 29.032%
255, 0.95677, 29907177.80629, 340216.67490, 27.273%
256, 0.95677, 211615.50180, 4643.21552, 24.324%
257, 0.95677, 609757.25956, 10239.91242, 16.129%
258, 0.95677, 59245133.67904, 616965.76690, 27.586%
259, 0.95677, 1534962.99440, 44148.38167, 31.667%
260, 0.95677, 67159.33216, 1586.74771, 42.857%
261, 0.95677, 2533138.74730, 26078.28912, 25.000%
262, 0.95677, 11007.03385, 237.13907, 34.286%
263, 0.95677, 2699256.63719, 29041.79406, 13.333%
264, 0.95677, 116030188546.07877, 1160305807.38498, 30.000%
265, 0.95677, 3744888.55278, 41086.73304, 20.588%
266, 0.95677, 461171934247.36725, 5683557036.56350, 14.815%
267, 0.95677, 722192549.68405, 7229216.94451, 30.769%
268, 0.95677, 129455928.13487, 1344624.10348, 22.222%
269, 0.95677, 13775181.03436, 152917.04900, 34.615%
270, 0.95677, 594869.04751, 16105.85676, 11.111%
271, 0.95677, 1950562066384.35742, 19505687981.30132, 25.000%
272, 0.95677, 1190873593.33898, 11915668.09897, 11.538%
273, 0.95677, 1158555.19661, 21974.71008, 10.000%
274, 0.95677, 2412546.34848, 52380.31551, 18.519%
275, 0.95677, 76381690.87866, 814881.77795, 13.462%
276, 0.95677, 97108253.48117, 1001499.55129, 29.630%
277, 0.95677, 12866962.39666, 196503.91420, 25.000%
278, 0.95677, 12993502.07725, 221889.22945, 12.500%
279, 0.95677, 144457834259.36053, 1445621230.67015, 32.432%
280, 0.95677, 241980809.57664, 2449071.89938, 22.222%
281, 0.95677, 2054216.24965, 37818.56230, 18.966%
282, 0.95677, 8557835430.28775, 85631065.60848, 31.818%
283, 0.95677, 1540215.53131, 23384.44080, 14.706%
284, 0.95677, 40471.07951, 1237.17289, 10.345%
285, 0.95677, 7420878204722.34473, 74223196171.85101, 16.071%
286, 0.95677, 22081846.76911, 229494.41184, 28.571%
287, 0.95677, 249033129.91736, 2553194.66260, 28.571%
288, 0.95677, 174528390.87548, 1799554.76499, 28.000%
289, 0.95677, 4697741.48488, 95066.27482, 27.778%
290, 0.95677, 7989547925.24638, 79954677.92321, 25.926%
291, 0.95677, 185952744.93900, 2316441.17322, 27.586%
292, 0.95677, 701449172.03415, 10421300.03533, 10.714%
293, 0.95677, 696688.89028, 10239.35367, 16.667%
294, 0.95677, 38479906.89613, 388154.29654, 29.630%
295, 0.95677, 69658.49955, 1904.11875, 20.312%
296, 0.95677, 2798188.91912, 29202.66590, 14.516%
297, 0.95677, 239900.68186, 4550.21715, 23.438%
298, 0.95677, 838516.44053, 18585.57075, 26.923%
299, 0.95677, 1052529577.89064, 10994196.40093, 25.806%
300, 0.95677, 2909920446.62464, 29187896.66069, 20.690%
