File: ../datasets/SR_div.txt
N_vars: 1 N_gens: 100 Pop_size: 100 XP: 0.5 MP: 0.1 TS: 30 MAX_D: 6 MIN_D: 3
[GEN], [BEST_FIT], [WORST_FIT], [AVG_FIT], [% BETTER CHILDREN]
1, 15.02128, 203675975.15865, 2176058.09657, 0.000%
2, 14.08258, 3536240.09168, 50071.40549, 41.667%
3, 12.95680, 17748055.90369, 181173.96023, 50.000%
4, 12.95680, 736437.67107, 9312.29334, 15.000%
5, 11.76456, 536057.69450, 19392.69186, 39.474%
6, 11.76456, 72656089.90038, 727374.46872, 20.370%
7, 11.04419, 67992386.28612, 827004.03454, 31.579%
8, 10.52946, 61364.77588, 2825.83534, 18.000%
9, 8.80100, 27329803801.75659, 273589887.97748, 44.444%
10, 7.86715, 60567996.03071, 625849.89379, 45.000%
11, 7.86715, 2434033.54066, 44956.96163, 53.704%
12, 7.83695, 1616275643.07833, 19084435.34950, 47.368%
13, 7.82065, 219167.08664, 7057.34319, 45.652%
14, 7.82065, 15137255.77496, 332014.60904, 38.000%
15, 7.82065, 6966081.61240, 92546.80709, 62.903%
16, 7.82065, 8117092.21774, 98105.20441, 77.083%
17, 7.81579, 195174910.74600, 1972414.28165, 70.000%
18, 7.81502, 417721.13396, 5999.39445, 55.769%
19, 7.79814, 20600116.94961, 216111.64477, 41.667%
20, 7.79803, 6342270.69085, 68820.45416, 33.333%
21, 7.79803, 1675450.36905, 31829.22464, 36.957%
22, 7.79576, 2411105.22427, 54318.34734, 46.296%
23, 7.79574, 5869415.82385, 107241.39035, 28.846%
24, 7.79411, 292945242.36892, 2932031.75251, 8.000%
25, 7.79201, 61940099.20668, 651964.19715, 16.667%
26, 7.79201, 4281881.30608, 55603.44742, 8.696%
27, 7.79201, 77521788.60182, 779678.07721, 17.241%
28, 7.79201, 1374678602.27355, 14067796.85482, 23.077%
29, 7.79201, 6983857484978.24219, 69838658178.96252, 20.833%
30, 7.79117, 1624298.15716, 45311.77471, 17.500%
31, 7.79108, 17709923.31171, 204785.60278, 11.364%
32, 7.79108, 4239497.90133, 119996.80141, 25.000%
33, 7.79089, 3364374605.44556, 35293523.50344, 21.154%
34, 7.78579, 279219.42623, 4339.10548, 23.529%
35, 7.78579, 62833.55254, 1871.60967, 17.308%
36, 7.78184, 66313515.85374, 1057736.84972, 27.500%
37, 7.78184, 351784666.96752, 3712402.52654, 27.500%
38, 7.78184, 5906346.32225, 69432.24977, 24.074%
39, 7.78180, 14761218.95606, 177190.93596, 24.000%
40, 7.77990, 8375339.80706, 91458.90503, 23.438%
41, 7.77990, 4055782.94251, 73748.54977, 19.231%
42, 7.77990, 19695327.44875, 202017.12702, 31.250%
43, 7.77874, 801552.49943, 18500.65510, 22.917%
44, 7.77874, 1198362701.36284, 12413692.34743, 14.583%
45, 7.77874, 332157.72774, 11940.63404, 6.250%
46, 7.77874, 121575787.27416, 1242855.14565, 34.615%
47, 7.76462, 10112585949.49155, 101239071.16777, 45.238%
48, 7.76292, 5690712.13299, 68641.57267, 20.000%
49, 7.76292, 968279.52307, 18316.30068, 20.000%
50, 7.75732, 26982749.14220, 478985.27613, 32.759%
51, 7.75435, 231832557.15350, 2347333.06934, 20.370%
52, 7.74874, 110418071.14046, 1224204.31434, 18.182%
53, 7.74701, 340913.63954, 6289.04242, 10.714%
54, 7.70297, 3355693349580.94287, 33557110613.96202, 29.167%
55, 7.70282, 610678669.38859, 6112500.49683, 39.130%
56, 7.69233, 410959119214800.68750, 4109591289715.67578, 28.333%
57, 7.69233, 1905757.37573, 31904.91992, 16.667%
58, 7.69233, 8375696990.07073, 84960205.41592, 35.714%
59, 7.68161, 29549572538.63699, 295702068.12066, 15.217%
60, 7.68161, 60232.38692, 866.62577, 23.333%
61, 7.68161, 115143253675.31133, 1151494950.05100, 34.211%
62, 7.68138, 4668232.52181, 81584.63074, 43.478%
63, 7.68138, 54319788.24658, 628513.45339, 20.455%
64, 7.68033, 153413986794.61227, 1534623060.79985, 16.667%
65, 4.58607, 10981277.47238, 233869.27789, 20.000%
66, 4.56349, 5670181976197.28418, 56703915874.02222, 46.296%
67, 3.90175, 470364337.00839, 4864907.98208, 38.095%
68, 3.71181, 228777442.14585, 2539681.59664, 18.750%
69, 3.71181, 137636.02057, 6199.48249, 34.091%
70, 3.46026, 103361230.19461, 1043046.13946, 27.500%
71, 3.28048, 6827999.11711, 77552.99200, 37.500%
72, 3.11670, 66195830.99539, 671734.07362, 12.963%
73, 2.93069, 1247411899673.53247, 12474129265.85118, 5.357%
74, 2.89952, 8562967.21657, 173853.34807, 32.692%
75, 2.35703, 31883429.19862, 379666.45738, 13.043%
76, 2.35596, 14281678.49884, 157519.45320, 21.429%
77, 2.35596, 689476212.94025, 6935081.01747, 6.250%
78, 2.35596, 135697.76864, 3227.91866, 23.214%
79, 2.35596, 749545.73710, 15673.16796, 29.412%
80, 2.35596, 3749734.69589, 82811.47610, 29.412%
81, 2.35596, 2788046.17305, 47260.29280, 26.087%
82, 2.35596, 1528570887.41490, 15313272.51502, 20.000%
83, 2.35439, 32627669.13160, 343931.99485, 18.966%
84, 2.35439, 478266627.08856, 8509402.78589, 22.727%
85, 2.35439, 542524215.97272, 5439211.10567, 10.526%
86, 2.35439, 10756070.36257, 115777.13837, 25.926%
87, 2.35439, 196090145.97018, 2393648.93328, 27.778%
88, 2.12311, 528527.90065, 11690.92727, 11.111%
89, 2.12311, 3093237.37319, 77609.80949, 34.091%
90, 2.03773, 2916289.46701, 51893.96606, 14.516%
91, 2.03773, 3078496.59198, 48997.12855, 18.519%
92, 2.03773, 80919361.80356, 818532.39358, 20.833%
93, 2.03773, 1382742.73526, 16104.73890, 23.438%
94, 2.03773, 15835280937.29966, 158513124.61575, 29.630%
95, 2.03773, 7049752.48644, 108411.81392, 20.000%
96, 2.03773, 28055489.51514, 404975.35479, 18.182%
97, 2.02891, 1437781381.52565, 14384972.13440, 29.310%
98, 2.02891, 18985922457.81157, 192065753.01466, 30.000%
99, 2.02891, 413728341.62917, 5150421.55415, 22.000%
100, 2.02891, 379398.02048, 8461.98557, 19.048%
