File: ../datasets/SR_div.txt
N_vars: 1 N_gens: 100 Pop_size: 350 XP: 0.9 MP: 0.05 TS: 20 MAX_D: 7 MIN_D: 3
[GEN], [BEST_FIT], [WORST_FIT], [AVG_FIT], [% BETTER CHILDREN]
1, 4.02672, 70857408438.73157, 269816983.40177, 0.000%
2, 4.02672, 3231033740.76677, 13628000.94928, 37.821%
3, 4.02672, 1556155.51389, 4887.79448, 27.640%
4, 2.67118, 4552821.49813, 13643.26276, 31.902%
5, 2.67118, 11744547519627.91406, 33557918596.43382, 36.601%
6, 2.67118, 123512755253.88780, 353645439.06686, 22.185%
7, 2.67118, 2606831577.53521, 8166502.03826, 41.118%
8, 2.64874, 63259750.34272, 182909.45015, 37.580%
9, 2.51396, 71474211901.31628, 206296705.49935, 33.333%
10, 2.51396, 59599323.74136, 326288.96184, 27.778%
11, 2.19042, 232224424.94388, 1391514.61530, 32.143%
12, 2.19042, 122863572808.23547, 351910475.90009, 26.562%
13, 2.19042, 1002408777.62701, 3428843.53345, 23.636%
14, 2.19042, 447147879.41014, 1281462.40610, 35.000%
15, 2.19042, 351576139.09139, 1374460.46949, 28.667%
16, 2.19042, 236126921.11904, 972588.78379, 26.974%
17, 2.19042, 98575850701.45662, 281803745.09998, 20.755%
18, 2.19042, 236371539.50669, 776795.84902, 33.544%
19, 2.19042, 28958123152351644.00000, 82737494849773.90625, 33.766%
20, 2.19042, 32787077.28243, 165888.67111, 26.250%
21, 2.19042, 2169469.08660, 7832.74016, 28.571%
22, 1.60229, 305123348.76764, 892091.33783, 25.157%
23, 1.60229, 14176746507.64909, 40623225.26560, 26.282%
24, 1.60229, 200984479.82198, 643221.54956, 24.038%
25, 1.59021, 17666331973473.21484, 50476664907.65089, 25.159%
26, 1.19524, 59982545.11512, 181188.58748, 22.785%
27, 1.11574, 57405082.24634, 325603.84197, 16.026%
28, 0.55789, 288767164.40891, 852754.11042, 15.686%
29, 0.50008, 1016638.13325, 4071.69427, 18.405%
30, 0.50008, 1755575828.44624, 5034871.26209, 13.836%
31, 0.50008, 1931357647.49248, 5522047.68406, 22.293%
32, 0.50008, 1914527534.55517, 5501625.80409, 23.750%
33, 0.50008, 7241946.49217, 33786.86232, 30.968%
34, 0.50008, 1141226.49287, 5125.50503, 23.750%
35, 0.50008, 31351.25990, 301.32373, 25.625%
36, 0.50008, 4133097.27582, 12665.12345, 23.780%
37, 0.26985, 13587547117.14198, 40163063.48094, 24.516%
38, 0.26985, 2200293.75637, 8862.35154, 20.064%
39, 0.26985, 60041239.93345, 190986.01824, 17.610%
40, 0.22085, 1704719843.22897, 4872672.79001, 19.375%
41, 0.22085, 37297106.14900, 165180.08545, 18.750%
42, 0.22085, 1895912.02512, 11854.43430, 20.000%
43, 0.22085, 3407314.74351, 16714.05119, 24.342%
44, 0.22085, 40806716.03238, 227436.16024, 28.302%
45, 0.22085, 138050535827.85709, 699760758.28307, 30.323%
46, 0.22085, 1244543437464.04712, 3555885355.51457, 29.560%
47, 0.22085, 289467882604.82007, 832048114.99399, 23.750%
48, 0.22085, 150739001.92056, 500498.43773, 26.250%
49, 0.22085, 360087749880374231040.00000, 1028822142518838784.00000, 28.571%
50, 0.22085, 205210861641834.59375, 586319013044.53967, 22.642%
51, 0.22085, 319388071285.67981, 923822178.55274, 30.405%
52, 0.22085, 79236.69324, 587.76842, 29.697%
53, 0.22085, 174910747.35924, 737233.78733, 30.921%
54, 0.22085, 644507485.58427, 1911941.86533, 25.325%
55, 0.22085, 2666613.71461, 16071.36973, 32.051%
56, 0.22085, 72736.05372, 466.00350, 22.561%
57, 0.22085, 3071718061.26747, 8793948.03950, 23.718%
58, 0.22085, 4727117.80015, 13990.82426, 21.519%
59, 0.22085, 18895836322.05839, 54048210.67413, 19.620%
60, 0.22085, 53983912.64058, 159777.11474, 22.785%
61, 0.22085, 59705998.27418, 182977.20593, 23.529%
62, 0.22085, 75112545.59597, 221835.70613, 26.061%
63, 0.22085, 75825222.54083, 269399.50272, 17.419%
64, 0.22085, 5080407812.33406, 14593817.37271, 24.204%
65, 0.22085, 12555466769.49228, 35914301.70827, 26.220%
66, 0.22085, 2948976808.57609, 8575120.78387, 26.667%
67, 0.22085, 98544969147234.76562, 281590359105.95520, 31.013%
68, 0.22085, 4746747.70410, 25600.48897, 27.215%
69, 0.22085, 1997318937.16821, 5721064.58788, 33.766%
70, 0.22085, 19673156.89925, 93939.52947, 25.161%
71, 0.22085, 200402010.28503, 589954.20011, 25.455%
72, 0.22085, 204141968.05044, 601469.27401, 29.870%
73, 0.22085, 1852727266907.57715, 5303910601.04266, 26.623%
74, 0.22085, 994466.99904, 5845.01598, 20.513%
75, 0.22085, 4980249200505.94141, 14229981459.22428, 22.517%
76, 0.22085, 10496230.76446, 36492.48301, 33.557%
77, 0.22085, 11788471.53833, 42517.85276, 25.309%
78, 0.22085, 4299914978.19467, 17709265.29157, 30.464%
79, 0.22085, 2306500.69835, 8615.92147, 28.571%
80, 0.22085, 4943742.80625, 38114.81066, 24.675%
81, 0.19452, 1567102653.39002, 8329795.31311, 30.380%
82, 0.19367, 1935184951.64736, 5566491.87972, 24.845%
83, 0.17049, 3299624728.75327, 9434874.89899, 19.304%
84, 0.17049, 9289869196.10799, 30026468.26271, 20.968%
85, 0.17049, 82799669.33211, 269352.21528, 25.325%
86, 0.17049, 118975625.53866, 351596.91842, 32.653%
87, 0.17049, 55074694903.70629, 192480519.77718, 36.420%
88, 0.17049, 118345135.99029, 518518.18326, 22.785%
89, 0.17049, 41242434663.29172, 117837583.08720, 37.580%
90, 0.17049, 63115179.53249, 259479.02080, 32.099%
91, 0.17049, 539399472354795.50000, 1541141376188.50439, 33.987%
92, 0.17049, 27312065.55619, 162901.49578, 29.747%
93, 0.17049, 1462008227511.03516, 4177386772.71757, 24.684%
94, 0.17049, 120373301.20266, 541031.92556, 27.848%
95, 0.17049, 306298.11456, 2163.18259, 29.114%
96, 0.17049, 43832559077.77868, 125307651.26832, 24.204%
97, 0.17049, 254039093.28707, 776167.77478, 25.157%
98, 0.17049, 2618203702.76091, 7586410.92287, 25.610%
99, 0.17049, 1359151.93457, 6407.01025, 31.250%
100, 0.17049, 365182974.34623, 1052400.90541, 35.000%
