File: ../datasets/SR_div.txt
N_vars: 1 N_gens: 100 Pop_size: 350 XP: 0.1 MP: 0.3
[GEN], [BEST_FIT], [WORST_FIT], [AVG_FIT], [% BETTER CHILDREN]
1, 8.635, 30452744.363, 95456.331, 0.000%
2, 8.635, 168407.286, 1847.045, 51.724%
3, 8.149, 81154713.154, 235879.679, 67.647%
4, 7.904, 689419095.497, 2004059.193, 80.000%
5, 7.291, 39424164.881, 125715.361, 75.000%
6, 7.291, 42490596.089, 133184.370, 66.071%
7, 7.291, 86200500.783, 247899.730, 62.500%
8, 7.291, 8969886.553, 34498.070, 66.667%
9, 7.291, 781963.627, 5185.317, 83.333%
10, 7.291, 403523.024, 3682.260, 75.000%
11, 7.291, 80565.730, 993.202, 78.571%
12, 7.291, 4606352.837, 19903.088, 84.783%
13, 7.291, 2301961.036, 13001.188, 93.333%
14, 7.080, 758173.473, 5037.827, 72.917%
15, 7.080, 13821491.166, 50429.576, 70.000%
16, 7.080, 981488.295, 8282.454, 75.000%
17, 7.080, 106318.784, 1444.044, 75.000%
18, 7.080, 256983801.507, 737048.224, 89.286%
19, 7.080, 7622811.713, 31687.840, 91.667%
20, 7.080, 4629890.319, 42993.025, 75.000%
21, 7.080, 6966143.449, 28720.782, 74.074%
22, 7.080, 2960116.667, 13102.286, 82.609%
23, 7.080, 2143643.637, 9404.448, 78.125%
24, 7.080, 12341233.828, 52332.238, 84.615%
25, 7.080, 94390.333, 1146.085, 67.647%
26, 7.080, 2339805.446, 15924.300, 82.609%
27, 7.080, 51041814431.466, 170304852.503, 81.250%
28, 7.080, 95431303.418, 274111.605, 80.000%
29, 7.022, 1190333280.874, 3570565.849, 80.556%
30, 7.022, 12257337.380, 61997.464, 73.333%
31, 7.022, 1473067.656, 7621.709, 50.000%
32, 7.022, 24141841.652, 81285.372, 52.778%
33, 7.022, 287883.208, 1439.081, 71.429%
34, 7.022, 79923171.975, 236508.117, 60.000%
35, 7.022, 621286.343, 2504.518, 84.375%
36, 7.022, 227734.850, 2104.388, 75.000%
37, 7.022, 37896659.083, 122713.148, 76.190%
38, 7.022, 29027742.694, 146536.784, 73.529%
39, 7.022, 9804900.939, 34051.262, 73.810%
40, 7.022, 109983150.273, 327163.356, 80.000%
41, 7.022, 4061336.001, 22521.852, 82.143%
42, 7.022, 383107878.312, 1121826.145, 71.429%
43, 7.022, 622308.191, 2437.390, 81.818%
44, 7.022, 1948181.267, 8034.786, 85.714%
45, 7.022, 35674593.975, 104601.075, 81.250%
46, 7.022, 328972.531, 2010.163, 92.857%
47, 7.022, 235002.667, 2094.180, 60.417%
48, 7.022, 162965.812, 1148.318, 73.529%
49, 3.425, 234130.849, 2621.739, 75.000%
50, 3.261, 194904.158, 1559.671, 58.333%
51, 3.261, 19917356251.298, 56909819.893, 42.500%
52, 3.247, 5810561.738, 23861.989, 44.444%
53, 2.954, 150035012637.389, 429180976.332, 55.000%
54, 2.954, 3198924.074, 13063.512, 43.478%
55, 2.697, 164177028.027, 487115.306, 39.474%
56, 2.697, 256268.345, 1467.155, 61.111%
57, 2.697, 7612026.856, 30344.764, 32.143%
58, 1.999, 128590888.078, 374737.879, 42.500%
59, 1.999, 882696.289, 5811.323, 31.579%
60, 1.999, 132535498.133, 387995.033, 56.667%
61, 1.787, 18223118.821, 57502.629, 50.000%
62, 1.787, 78381025.815, 226655.345, 47.727%
63, 1.787, 8573844.529, 30133.680, 47.059%
64, 1.787, 160553.824, 1453.391, 50.000%
65, 1.783, 771255152.920, 2237075.747, 38.000%
66, 1.783, 6753965.340, 33400.341, 18.750%
67, 0.243, 231975.614, 1913.858, 29.412%
68, 0.243, 4262854.308, 13724.755, 36.364%
69, 0.243, 1291682.057, 6344.526, 33.333%
70, 0.212, 421851897.293, 1233375.883, 52.381%
71, 0.212, 6329881.402, 21495.756, 47.368%
72, 0.212, 832503.912, 6516.997, 54.762%
73, 0.212, 3318239.276, 25826.304, 47.059%
74, 0.212, 111370.885, 1106.839, 61.538%
75, 0.212, 263474487.682, 765151.592, 52.778%
76, 0.212, 922458.394, 10820.455, 57.895%
77, 0.212, 5368926.151, 25729.989, 42.857%
78, 0.195, 1260123.257, 8149.593, 60.714%
79, 0.195, 2571375.536, 11090.962, 75.000%
80, 0.195, 4948616.529, 14775.743, 30.000%
81, 0.195, 1766492.218, 11158.407, 31.579%
82, 0.195, 2283554.084, 11078.814, 65.385%
83, 0.195, 4999901.471, 18716.138, 44.737%
84, 0.195, 697867.730, 8094.454, 40.625%
85, 0.195, 67813283.979, 195335.303, 65.000%
86, 0.195, 331735.077, 2739.205, 45.000%
87, 0.195, 11489009.985, 50555.399, 41.667%
88, 0.195, 6115086.836, 19851.323, 47.368%
89, 0.195, 24041582.728, 69953.376, 23.684%
90, 0.195, 15247980.841, 68607.362, 50.000%
91, 0.195, 4378219.510, 18369.927, 50.000%
92, 0.195, 94668052.855, 275872.105, 47.500%
93, 0.195, 623921.008, 4653.883, 50.000%
94, 0.195, 26979927.292, 94966.596, 53.846%
95, 0.195, 909533.024, 5010.374, 62.500%
96, 0.195, 29996904.925, 88545.277, 60.526%
97, 0.195, 46041868.543, 139182.734, 47.826%
98, 0.195, 1853267.412, 6099.633, 61.905%
99, 0.195, 7406213.783, 22738.507, 50.000%
100, 0.195, 350125.664, 2129.050, 57.143%
