File: ../datasets/SR_div.txt
N_vars: 1 N_gens: 50 Pop_size: 1000 XP: 0.3 MP: 0.9 TS: 30 MAX_D: 6 MIN_D: 3
[GEN], [BEST_FIT], [WORST_FIT], [AVG_FIT], [% BETTER CHILDREN]
1, 10.81740, 1545803226102.72632, 1567318814.51276, 0.000%
2, 7.53916, 3314606328.54093, 4883414.89578, 34.568%
3, 6.80133, 1214706579053.47754, 1730284263.75950, 28.276%
4, 6.67114, 33521088525298.59766, 33524619213.86072, 28.859%
5, 6.67114, 317669843668.55560, 337902596.58218, 27.961%
6, 5.49347, 8719085120079.12207, 8895649656.72258, 26.190%
7, 5.49347, 5618757457.47839, 16788014.35877, 27.338%
8, 5.49347, 140597717483.51447, 174481825.69126, 26.190%
9, 5.49347, 1898336890.01673, 3040731.16741, 27.778%
10, 3.53982, 38749881864812672.00000, 38766175953658.92188, 29.310%
11, 3.53982, 242320364855177.00000, 243608725977.67877, 25.649%
12, 3.53982, 540529102701.44513, 615555917.44401, 27.852%
13, 3.53982, 390036059267.06946, 413559942.45174, 28.704%
14, 2.79383, 2374974177885.44385, 3095170233.07382, 24.658%
15, 2.79383, 1386381191743.54053, 2195751379.14739, 29.801%
16, 2.79383, 15068697255658618.00000, 15068758594206.09375, 31.338%
17, 2.79383, 1105702528.43773, 2189197.46869, 31.716%
18, 2.79383, 18164755755275.56641, 18316545323.99335, 32.500%
19, 2.79383, 910087770149.41052, 1081302754.81763, 34.146%
20, 2.79383, 28026350269.85876, 31165317.64487, 30.864%
21, 2.79383, 293154369069.10120, 581548142.39454, 31.469%
22, 2.79383, 5971925778771.55957, 7417824998.14388, 38.298%
23, 2.79383, 103688516358.50322, 117345243.12447, 35.629%
24, 2.79383, 3119697114579.78662, 3371067941.25256, 38.043%
25, 2.79383, 13438778511.36924, 16829519.44717, 30.675%
26, 2.79383, 1948176145213.41650, 1961052818.83916, 34.965%
27, 2.79383, 219445762903.81638, 220847288.51790, 38.591%
28, 2.79383, 139500837210.38239, 182871323.75571, 32.986%
29, 2.79383, 19268506239671.85547, 19665353009.60124, 34.667%
30, 2.79383, 169965151853.86005, 195365829.56890, 38.514%
31, 2.79383, 86357073155.89124, 154542038.77444, 34.459%
32, 2.79383, 1146605752569.43262, 2204484783.29068, 38.189%
33, 2.16654, 22651148648219.84375, 22731030260.79475, 38.820%
34, 2.16654, 353327749002.23578, 369549453.44297, 33.013%
35, 1.52149, 2677417249839.52148, 2681910619.91592, 39.850%
36, 1.45343, 3569595290.05896, 8504613.23236, 37.500%
37, 1.01727, 88758636077309568.00000, 88774738278656.76562, 39.236%
38, 1.01727, 263084274868.63513, 520126908.05603, 31.562%
39, 0.57705, 6320907413442.82324, 6386151995.52420, 31.879%
40, 0.57705, 16069715994.69156, 20729239.86467, 32.692%
41, 0.57705, 38208865692964.85938, 38305344378.01672, 37.500%
42, 0.27627, 185450238657.25107, 200570689.37225, 30.921%
43, 0.27627, 1185565899979.36963, 1393369272.72943, 32.716%
44, 0.27627, 22258276425314.12500, 28557159807.81336, 30.769%
45, 0.27627, 76726702038.14340, 140642461.79869, 35.762%
46, 0.27627, 950521547703110.75000, 950530367451.40747, 33.742%
47, 0.27627, 41859161539412120.00000, 41859176618562.01562, 33.904%
48, 0.27627, 1310388234191.72925, 2443528727.40799, 32.292%
49, 0.27627, 114714537059.47040, 128759306.52898, 30.000%
50, 0.27627, 60541004607210.36719, 60563718670.90521, 31.731%
