File: ../datasets/SR_div.txt
N_vars: 1 N_gens: 20 Pop_size: 350 XP: 0.9 MP: 0.3 TS: 80 MAX_D: 6 MIN_D: 1
[GEN], [BEST_FIT], [WORST_FIT], [AVG_FIT], [% BETTER CHILDREN]
1, 7.90812, 3624893914.76140, 11839217.06225, 0.000%
2, 7.90812, 691921675733.99573, 1976920869.85387, 22.642%
3, 7.90812, 89029818993.41638, 254388264.20920, 37.748%
4, 7.81075, 2809336.26736, 13203.29044, 37.179%
5, 7.81075, 156701944.56412, 482409.53640, 37.580%
6, 7.81075, 722700.13571, 2228.99212, 38.922%
7, 7.81075, 98691669.40297, 295919.65119, 41.290%
8, 7.81075, 21619386.37613, 76806.85358, 38.750%
9, 7.81075, 1429892.65895, 5967.34346, 39.103%
10, 7.81075, 179069.62774, 1483.85586, 40.000%
11, 7.81075, 55487989.98611, 164752.04641, 46.541%
12, 7.81075, 512053.17083, 2481.52034, 41.509%
13, 7.81075, 1372246.27338, 6121.55792, 44.937%
14, 7.81075, 9784790.11195, 32126.14652, 32.026%
15, 7.81075, 224277.69864, 916.37083, 41.401%
16, 7.81075, 812021.97989, 5854.78518, 35.948%
17, 7.81075, 21683550.08494, 64431.06796, 43.038%
18, 7.81075, 193755.10958, 1164.21052, 44.444%
19, 7.81075, 62346384.21820, 288177.37984, 35.032%
20, 7.81075, 11434799568608.76953, 32670861278.15540, 44.231%
