File: ../datasets/SR_div.txt
N_vars: 1 N_gens: 100 Pop_size: 350 XP: 0.9 MP: 0.05 TS: 20 MAX_D: 7 MIN_D: 3
[GEN], [BEST_FIT], [WORST_FIT], [AVG_FIT], [% BETTER CHILDREN]
1, 6.99815, 135807244854564.45312, 486174410866.87909, 0.000%
2, 6.79274, 881408817941.25208, 2520846059.64432, 36.335%
3, 6.36517, 5429509.63434, 18175.44774, 27.500%
4, 4.38899, 7962279.99194, 29517.33880, 22.956%
5, 3.36816, 2189595007.69195, 6293370.47953, 23.292%
6, 3.10282, 276889205.08502, 1501537.96693, 20.513%
7, 2.18431, 27458737183088.01562, 78859122354.57550, 25.817%
8, 1.98760, 1686966740.03405, 9048854.71000, 22.483%
9, 1.97606, 144480400876.65732, 413136688.95144, 15.806%
10, 1.77780, 1044294809750.90796, 2983699858.93247, 20.807%
11, 1.33525, 461784264309470784.00000, 1319383612373902.00000, 17.296%
12, 1.25794, 45841971.60666, 257091.14350, 16.964%
13, 1.17959, 39097015707.11681, 111823546.22428, 19.355%
14, 1.08652, 7719624.37680, 28447.27738, 24.834%
15, 1.03830, 197606217.09613, 566015.84154, 23.148%
16, 1.03494, 128358297894.73567, 367169712.58625, 12.903%
17, 1.02990, 2100971.85547, 11916.73718, 22.403%
18, 1.01623, 1222172254.20651, 5450116.92279, 15.432%
19, 0.95917, 86200310687.75690, 246359999.91287, 20.253%
20, 0.75005, 196724455826.04773, 562201455.87125, 21.895%
21, 0.69559, 493629822.05648, 2667520.25840, 23.077%
22, 0.69377, 148944704.41543, 995105.23410, 17.097%
23, 0.64117, 4462997056.47633, 14103874.95834, 16.225%
24, 0.51380, 523406735470.80536, 1495476422.36285, 14.103%
25, 0.51380, 429190.02000, 13071.46475, 21.118%
26, 0.51380, 132790699887.12663, 379517098.38260, 14.286%
27, 0.49745, 775424296399.76782, 2256168761.00221, 24.204%
28, 0.49745, 13863904.89241, 116829.40146, 24.516%
29, 0.49745, 229431131.03717, 796278.44953, 25.949%
30, 0.49745, 64982028549.76482, 185719982.67457, 23.006%
31, 0.49745, 22109856.88962, 93866.61550, 30.519%
32, 0.49745, 642025.08877, 4146.29754, 26.316%
33, 0.48916, 9042822.01887, 40448.83766, 26.398%
34, 0.48916, 103091947.64543, 305303.33507, 20.625%
35, 0.48916, 22265474.36640, 65508.91584, 27.742%
36, 0.48916, 38041180681.73606, 108695645.20972, 21.667%
37, 0.48916, 37536530255.42963, 107265536.99270, 23.418%
38, 0.48916, 782376660.95164, 2445350.36810, 22.840%
39, 0.43148, 32382377.51569, 110399.44666, 27.848%
40, 0.42236, 128961500088.94238, 368621846.88490, 19.620%
41, 0.40895, 4557606217.24942, 21210145.15703, 15.663%
42, 0.40895, 1938258998971.01587, 5537885266.24419, 15.432%
43, 0.36994, 24439752.24570, 80954.32376, 16.340%
44, 0.35809, 1590270.41982, 7693.84123, 13.208%
45, 0.35809, 338247964190.05188, 966697126.36018, 23.101%
46, 0.35809, 342537975.59819, 986669.06179, 14.596%
47, 0.33738, 103354898.45983, 298910.49789, 23.926%
48, 0.33738, 188313808.64560, 576434.30426, 20.312%
49, 0.32813, 637233268.01711, 1825236.99471, 17.628%
50, 0.32813, 440103099.51628, 1291420.04987, 19.565%
51, 0.30221, 83012804.37452, 253058.83889, 18.671%
52, 0.30221, 6846594311.37889, 19573020.91499, 25.157%
53, 0.30221, 183003160.05914, 532034.26569, 14.901%
54, 0.29184, 68743936237.46021, 202232115.78465, 21.569%
55, 0.29184, 452061965197.01428, 1295603154.16322, 23.148%
56, 0.29184, 48036150.73158, 150429.99770, 20.440%
57, 0.29184, 5959195.30686, 18222.91251, 24.528%
58, 0.29184, 21680101475419.99609, 61943324808.36639, 25.153%
59, 0.29134, 21703249.07811, 67503.46614, 22.115%
60, 0.29134, 33085106200.86642, 97215917.35730, 21.835%
61, 0.29134, 21030455.42626, 111522.39131, 19.018%
62, 0.29134, 73400881793.14290, 227028587.21365, 17.391%
63, 0.29128, 66804782.45316, 293731.19613, 20.755%
64, 0.29128, 136749739134.69632, 390717391.44067, 15.031%
65, 0.29128, 1711615911.58865, 5040539.44296, 20.382%
66, 0.29128, 2450377901067370.00000, 7288942387129.67969, 28.387%
67, 0.29128, 158404525.58998, 690236.00248, 22.500%
68, 0.29128, 8776113.77070, 77764.44585, 21.233%
69, 0.29128, 7147174.50529, 31094.87730, 21.875%
70, 0.29128, 3625543.32780, 30867.48819, 23.377%
71, 0.29128, 11886739659.60336, 34065565.52903, 28.395%
72, 0.29128, 861680089.21950, 3716224.72475, 26.797%
73, 0.29128, 82272450.50144, 236693.46293, 20.370%
74, 0.29128, 44452895.21436, 186175.03827, 23.926%
75, 0.29128, 1906005771846.90479, 5492745496.96408, 20.126%
76, 0.29128, 665827639395.97522, 1960014622.27708, 22.293%
77, 0.29128, 3208808101.15582, 11948535.71919, 17.949%
78, 0.29128, 278968780.41893, 804228.51542, 21.341%
79, 0.29128, 63281274.36583, 195512.16940, 27.848%
80, 0.29128, 292324725359.22321, 925839091.30983, 26.582%
81, 0.29128, 20465508.99094, 97300.55559, 27.950%
82, 0.29128, 206296751888.83710, 594556369.00666, 25.949%
83, 0.29128, 221408806569.51486, 632605030.45983, 16.779%
84, 0.29128, 55585489.44802, 176173.96105, 24.551%
85, 0.29128, 77002823899.80440, 232715162.93972, 21.656%
86, 0.29128, 12294785.09554, 51438.49185, 27.097%
87, 0.29128, 1072699537.81841, 3251095.74251, 19.355%
88, 0.29128, 21517560.22255, 67165.38417, 26.875%
89, 0.29128, 20410052.89087, 117204.38868, 28.387%
90, 0.29128, 38285213.98054, 202877.47723, 23.684%
91, 0.29128, 1828240885.03484, 12247680.77500, 28.289%
92, 0.29128, 30707658.70320, 125135.22862, 20.645%
93, 0.29128, 19864886103650.45312, 56756831634.57543, 23.780%
94, 0.29128, 1080774.62051, 8780.40125, 23.418%
95, 0.29128, 26726638.73178, 119526.62714, 17.532%
96, 0.29128, 16469668327834.91211, 47056229933.88161, 20.755%
97, 0.29128, 344310989.23682, 1066559.05500, 22.293%
98, 0.29128, 12645084857.06691, 42054494.19155, 24.684%
99, 0.27143, 19111117.80391, 67253.49721, 24.233%
100, 0.27143, 81318889.20382, 253049.75194, 22.500%
