File: ../datasets/SR_div.txt
N_vars: 1 N_gens: 100 Pop_size: 350 XP: 0.3 MP: 0.1 TS: 20 MAX_D: 6 MIN_D: 4
[GEN], [BEST_FIT], [WORST_FIT], [AVG_FIT], [% BETTER CHILDREN]
1, 11.95071, 229486697665749632.00000, 656648908393232.00000, 0.000%
2, 9.85526, 94936186890638.04688, 271346604136.27325, 42.553%
3, 9.19226, 12695821644.19212, 42470763.82853, 33.333%
4, 8.58417, 1599211175.10658, 4874927.62666, 29.808%
5, 8.58417, 7281679647.79341, 23013381.15867, 26.531%
6, 7.81410, 258525519.08458, 2057250.73913, 22.131%
7, 7.81410, 47667282560.84061, 153197058.85529, 25.893%
8, 5.22758, 1161727722.32732, 3915503.55524, 21.296%
9, 4.09546, 2489529411.02600, 10627829.64559, 30.000%
10, 4.09546, 100621171.69465, 482114.56419, 31.250%
11, 3.16962, 1005803434.68939, 6560529.62498, 28.947%
12, 1.24004, 2247607712.13471, 14434827.50602, 35.593%
13, 1.24004, 47359077525.93556, 135557069.04955, 23.214%
14, 1.24004, 1407827583025.19019, 4024506024.75521, 16.379%
15, 1.24004, 514653657.25155, 2387937.62177, 29.412%
16, 1.24004, 32574019936.69621, 96975481.68259, 32.258%
17, 1.24004, 11188992507993.88477, 32114255830.24516, 32.955%
18, 1.24004, 777719955.80022, 4488347.96071, 25.926%
19, 1.24004, 63645592484788504.00000, 181844754464184.78125, 34.314%
20, 1.24004, 21913345291.13921, 64436566.68260, 27.778%
21, 1.24004, 40585116738.32878, 118934627.13378, 34.426%
22, 1.24004, 258848765264.66586, 1276908257.04527, 21.591%
23, 1.24004, 6696045407.22146, 42575663.03772, 29.310%
24, 1.24004, 6690772.44547, 88452.49998, 34.694%
25, 1.24004, 12259465447.93186, 36136649.61127, 31.633%
26, 1.24004, 830752142550.99866, 2437016211.22133, 27.451%
27, 1.24004, 63116265364258016.00000, 180332880955070.43750, 33.333%
28, 1.24004, 11615199735074.03125, 37766499414.11113, 36.170%
29, 1.24004, 227486730.01279, 1471571.69850, 31.034%
30, 1.24004, 18080226695.25537, 58211429.80820, 33.721%
31, 1.24004, 40455658313.24755, 152247666.66593, 29.412%
32, 1.24004, 10706571067.02142, 32600275.55750, 33.333%
33, 1.24004, 1506869680.45827, 6209453.80310, 24.468%
34, 1.24004, 111454114535.53229, 318854303.87554, 36.275%
35, 1.24004, 2290108271951.57715, 6555719613.24921, 23.171%
36, 1.24004, 842776792.12515, 7995001.78346, 33.019%
37, 1.24004, 325135995558.23462, 935054518.73645, 36.792%
38, 1.24004, 2270394944940.76318, 9104377407.04946, 36.957%
39, 1.24004, 422776554004.20062, 1376443115.69061, 32.895%
40, 1.24004, 1917231060.22352, 9109523.48503, 34.746%
41, 1.24004, 15967220.89091, 143609.69450, 27.536%
42, 1.24004, 29079253832.74749, 127071640.34235, 30.682%
43, 1.24004, 16567210870670.59375, 49022164245.77319, 31.579%
44, 1.24004, 18499260834.85238, 53695132.43944, 32.500%
45, 1.24004, 62943377397.54859, 181299333.63549, 40.833%
46, 1.24004, 149573498415.36386, 429975358.17878, 42.157%
47, 1.24004, 15974901125229.44727, 45656901401.46564, 27.083%
48, 1.24004, 2689819986.15207, 11220381.94455, 35.849%
49, 1.24004, 1894515548.61193, 14675438.41528, 32.653%
50, 1.24004, 134481584.04138, 667413.27931, 43.269%
51, 1.24004, 2510749617.72748, 13347944.30457, 42.857%
52, 1.24004, 4464607685.32501, 20104988.29964, 27.966%
53, 1.24004, 1332225746710.34082, 4255264852.36057, 31.818%
54, 1.24004, 349276722664681088.00000, 997933503819465.50000, 31.818%
55, 1.24004, 2299647267.71236, 10399946.90379, 30.189%
56, 1.24004, 25799001258880.68359, 73907871301.39679, 27.193%
57, 1.22971, 114200978166.26622, 416983681.13292, 43.023%
58, 1.24004, 35584929091.57175, 102212847.11376, 33.673%
59, 1.22971, 131146569.30211, 1229855.26147, 37.255%
60, 1.22971, 23087227.07204, 217385.44191, 31.148%
61, 1.12938, 30905160653.68379, 100390503.93872, 29.412%
62, 1.12938, 46069576.99793, 301389.65249, 22.727%
63, 1.06667, 14577664788432.20508, 41673313890.80972, 28.070%
64, 1.06667, 4727056854.03421, 23432297.79013, 29.825%
65, 1.06667, 12404712190.16214, 37017813.59031, 25.455%
66, 1.06667, 402737787.33997, 1656971.97312, 16.667%
67, 1.06667, 34993853528.50154, 100747219.85612, 34.259%
68, 1.06667, 14650895769.11029, 75099835.08856, 27.778%
69, 1.06667, 26934797044.55018, 86998511.70924, 29.825%
70, 1.06667, 3643516367.05793, 19153784.29833, 27.174%
71, 1.06647, 60998619924.77200, 175572426.28359, 34.906%
72, 1.06647, 556039484.92863, 2297793.03585, 23.214%
73, 1.06647, 15300620755.37282, 44517880.92038, 24.510%
74, 1.06647, 1606785755.15208, 17160402.95079, 27.174%
75, 1.05915, 143015360722.10797, 607709381.91612, 29.825%
76, 1.05915, 119358552.24897, 529187.20438, 42.045%
77, 1.05915, 3278033490.18709, 10594616.01481, 31.731%
78, 1.05044, 3171934906.85019, 9173432.87154, 32.609%
79, 1.05044, 44444359.88683, 183047.82373, 29.091%
80, 1.05044, 254536454.42512, 1138073.41743, 26.415%
81, 1.05044, 3508237054.00240, 10680843.00671, 25.000%
82, 1.05044, 20508353027.04193, 60578243.16384, 36.170%
83, 1.05044, 162083017.42227, 1140091.41862, 37.719%
84, 1.05044, 706664147.58778, 4158927.32092, 25.397%
85, 1.05044, 35707753239.28710, 114614405.88633, 40.152%
86, 1.05044, 1307639567.02054, 6695352.08248, 27.174%
87, 1.05044, 401658592265.83716, 1148739114.01008, 36.957%
88, 1.05044, 19191722527.56237, 61137940.22875, 35.870%
89, 1.02337, 4272123177088901.00000, 12207871926060.50781, 26.829%
90, 1.02337, 22147424516.72609, 70977532.65648, 21.552%
91, 1.02337, 27958005405.88530, 82576259.87706, 23.077%
92, 1.02337, 2823125541857.37012, 8716413945.37444, 40.000%
93, 1.02337, 2531838207.85288, 10459943.79471, 45.763%
94, 1.02337, 104916396.59541, 581689.70117, 36.538%
95, 1.02337, 5929081877592358912.00000, 16940247908679112.00000, 31.250%
96, 1.02337, 18326649.94923, 196187.42329, 44.545%
97, 1.02337, 1515823981.55946, 5208369.47159, 37.037%
98, 1.02337, 46842020064.86619, 317750348.90822, 24.468%
99, 1.02337, 51092916.10337, 290706.03786, 34.783%
100, 1.02337, 472563367191.97491, 1366199640.76531, 30.208%
