File: ../datasets/SR_div.txt
N_vars: 1 N_gens: 50 Pop_size: 350 XP: 0.9 MP: 0.3 TS: 30 MAX_D: 6 MIN_D: 3
[GEN], [BEST_FIT], [WORST_FIT], [AVG_FIT], [% BETTER CHILDREN]
1, 5.23991, 295047998.97595, 1592234.60469, 0.000%
2, 1.89127, 838039284.93476, 2481471.87579, 33.333%
3, 1.75966, 75213907715691.96875, 214911488705.03870, 29.667%
4, 1.75966, 3920168.38347, 15040.88381, 28.049%
5, 1.68496, 14301028.07021, 43547.93674, 17.742%
6, 1.47378, 3296896.08588, 11360.77069, 13.291%
7, 1.44710, 284389.15323, 3305.14970, 18.387%
8, 1.43415, 115031.36107, 1487.01320, 15.839%
9, 1.42273, 248693395.76601, 965620.09894, 11.728%
10, 1.37002, 12202971.70833, 58836.35310, 10.127%
11, 1.33158, 14355151726.99144, 41053943.74788, 12.733%
12, 0.96434, 8788804268012.47656, 25110870599.93320, 12.654%
13, 0.63515, 43865257850.34662, 125459081.33965, 12.342%
14, 0.57920, 13052077.76376, 39215.35464, 16.987%
15, 0.56365, 8048103.47586, 34044.66130, 12.581%
16, 0.51620, 25213974.49836, 157558.99637, 14.557%
17, 0.51620, 12561250.26043, 36852.33143, 13.804%
18, 0.51620, 4172464.59968, 211914.54891, 17.568%
19, 0.51620, 275934.60518, 2308.52384, 18.323%
20, 0.51620, 5996070.10940, 38256.18088, 17.722%
21, 0.51620, 2219576.27173, 49016.75859, 23.529%
22, 0.51620, 1124164.04573, 5492.49820, 18.634%
23, 0.51620, 40672406.82405, 586429.85454, 19.018%
24, 0.51620, 32538557.76484, 112403.40335, 19.108%
25, 0.51479, 24279685708.50149, 69372885.07678, 21.914%
26, 0.51479, 59279708828.05261, 169589432.19096, 11.538%
27, 0.51479, 1591504.24081, 8924.72935, 22.531%
28, 0.49615, 1119733.06048, 4849.53765, 12.342%
29, 0.49615, 494312.51735, 4767.37164, 12.903%
30, 0.44539, 319597.43034, 2144.67402, 12.500%
31, 0.44539, 117620991.99710, 393184.22007, 8.224%
32, 0.38486, 124855939.48645, 368630.48930, 13.291%
33, 0.38486, 1589561.96993, 5894.83785, 20.126%
34, 0.38486, 602625.02744, 3875.15559, 17.089%
35, 0.38486, 4403577404.50679, 12589054.83073, 18.153%
36, 0.38434, 1427675.97926, 5180.47823, 19.481%
37, 0.38434, 156959630.62100, 449551.21987, 13.889%
38, 0.38434, 32800332.00922, 95055.24803, 16.129%
39, 0.38434, 350339510.92689, 1002811.52184, 13.782%
40, 0.38434, 4448925.57934, 19562.62494, 28.704%
41, 0.38434, 18650.21719, 639.60714, 20.370%
42, 0.38434, 616618.45518, 3394.84823, 19.595%
43, 0.38434, 1013133.14177, 4876.08273, 26.797%
44, 0.37799, 92364.09465, 2180.82728, 14.516%
45, 0.37799, 615405.15616, 3672.94671, 18.944%
46, 0.37799, 10045400.46747, 144566.55632, 16.667%
47, 0.37799, 23922.38455, 761.68804, 16.250%
48, 0.37799, 85696.21201, 1514.36805, 24.375%
49, 0.37799, 972861.34071, 5755.44167, 14.286%
50, 0.35523, 2998581.83683, 12255.42204, 16.667%
