File: ../datasets/SR_div.txt
N_vars: 1 N_gens: 100 Pop_size: 350 XP: 0.9 MP: 0.3 TS: 20 MAX_D: 7 MIN_D: 3
[GEN], [BEST_FIT], [WORST_FIT], [AVG_FIT], [% BETTER CHILDREN]
1, 9.81100, 12936080820809.21484, 39639925441.67313, 0.000%
2, 9.07789, 46725805938.96764, 133550903.78680, 40.994%
3, 0.74612, 7280924.71285, 29846.97425, 25.472%
4, 0.74612, 7046315.83217, 35977.41375, 29.375%
5, 0.74612, 1287308750805.54028, 3678326786.41602, 28.477%
6, 0.74612, 1215631360.99404, 7248704.79675, 55.346%
7, 0.74612, 4944967494.18029, 14594889.53867, 60.123%
8, 0.24331, 867532682935.79272, 2479360872.32588, 56.481%
9, 0.24331, 330714459162.84802, 955243458.10603, 49.679%
10, 0.19515, 763165061.28676, 2282420.05136, 35.404%
11, 0.19515, 4383088.92403, 22230.69366, 57.716%
12, 0.19515, 14534662959482.46094, 44757819266.15002, 47.500%
13, 0.18672, 925579594387.40845, 2644756509.22846, 61.635%
14, 0.18672, 1364133.54109, 12004.42766, 59.236%
15, 0.18672, 98526632041623.01562, 281504671715.00177, 50.000%
16, 0.18672, 751354125.39452, 2161591.87570, 55.161%
17, 0.18204, 19747346.66380, 58644.54039, 46.474%
18, 0.17937, 5545236553526.63672, 15843552729.65266, 50.000%
19, 0.05298, 5592837.12957, 32486.38344, 39.458%
20, 0.05298, 29257771987.87900, 84729245.23691, 35.849%
21, 0.05298, 89423266.22798, 437145.03210, 34.936%
22, 0.01863, 423038281.26384, 1209956.77332, 48.750%
23, 0.01863, 19954982.78262, 152323.40617, 42.282%
24, 0.01863, 1492844749271.75464, 4267779482.03585, 46.452%
25, 0.01863, 24694554.85854, 150805.93127, 50.000%
26, 0.00972, 68857692.66751, 239406.63214, 52.667%
27, 0.00972, 18759009.30354, 60035.58693, 49.359%
28, 0.00972, 24798554.32546, 107948.88301, 43.548%
29, 0.00972, 74044624.44205, 214688.44240, 41.411%
30, 0.00972, 25177024008468.78125, 71934540067.55475, 53.896%
31, 0.00972, 69822967.00315, 202086.75358, 45.342%
32, 0.00972, 2637917315.71981, 7755906.21672, 50.641%
33, 0.00972, 209591628621.06174, 598861116.23062, 49.673%
34, 0.00972, 52150142.13936, 270097.93294, 44.304%
35, 0.00908, 3472923889995.54834, 10210338106.33531, 58.442%
36, 0.00908, 100633165.35098, 296578.19136, 46.497%
37, 0.00908, 241604060177.46835, 736111844.74005, 33.974%
38, 0.00908, 164866949.08729, 826003.61435, 47.987%
39, 0.00908, 38977608.10587, 154454.20751, 55.128%
40, 0.00908, 6147856145.06614, 18047538.26947, 56.051%
41, 0.00908, 1494168987.37391, 4851014.55193, 48.750%
42, 0.00908, 75893955.26548, 227994.21126, 50.000%
43, 0.00018, 1237035687512.70972, 3534473620.32736, 45.130%
44, 0.00018, 61304558.38885, 215224.53124, 47.115%
45, 0.00018, 391854376.37731, 1128279.87395, 38.125%
46, 0.00018, 2271836433.52875, 6534841.03033, 49.371%
47, 0.00018, 57493861.79284, 181310.25845, 45.570%
48, 0.00018, 8339032843480625152.00000, 23825808124275312.00000, 52.761%
49, 0.00018, 29124491897.04457, 91843614.95562, 51.974%
50, 0.00018, 603381469030058112.00000, 1723947368811079.75000, 50.000%
51, 0.00018, 39858578.76566, 155669.72269, 52.201%
52, 0.00018, 138088001444.21164, 397217300.16061, 42.038%
53, 0.00018, 4171438.17988, 27366.26445, 53.595%
54, 0.00018, 6107619429668.56836, 17455052965.90730, 50.000%
55, 0.00018, 319631324.83092, 1258497.93823, 42.331%
56, 0.00018, 74528145979.92274, 212993390.26404, 51.948%
57, 0.00018, 45189739.97740, 129677.36385, 43.871%
58, 0.00018, 192309378.76442, 566408.64738, 47.368%
59, 0.00018, 357218651804.02820, 1020732375.60194, 50.000%
60, 0.00018, 16061959.89536, 91728.97408, 55.195%
61, 0.00018, 104715023.15644, 308419.95583, 47.468%
62, 0.00018, 731816234.71459, 2111601.03213, 45.513%
63, 0.00018, 1385631.57354, 19643.69732, 54.194%
64, 0.00018, 8004456.28432, 26488.66684, 44.937%
65, 0.00018, 457016420808.10022, 1720913463.11567, 57.895%
66, 0.00018, 169635909759.38840, 484688165.85968, 47.436%
67, 0.00018, 13213416054.12297, 37760481.67674, 50.000%
68, 0.00018, 183815883578.09415, 544311079.24084, 55.975%
69, 0.00018, 3896210083.38301, 11166726.14606, 49.351%
70, 0.00018, 4228756.59996, 16045.15029, 45.399%
71, 0.00018, 7158239859008.46484, 22730211941.16816, 60.256%
72, 0.00018, 62864020.97764, 263379.24028, 52.229%
73, 0.00018, 481478180.61529, 1657168.84516, 43.590%
74, 0.00018, 1484707.30696, 11389.61902, 46.835%
75, 0.00018, 150782002059.55432, 430861226.32809, 46.497%
76, 0.00018, 49714873.78040, 149269.29941, 50.000%
77, 0.00018, 388967210.37822, 1242456.78782, 55.346%
78, 0.00018, 2507060159.86921, 8572327.80614, 47.799%
79, 0.00018, 1712049900.73591, 4970463.03635, 50.000%
80, 0.00018, 373980668.30205, 1070290.36963, 48.701%
81, 0.00018, 16286946855.78741, 46591670.20797, 54.902%
82, 0.00018, 21762761.32976, 74216.59388, 41.358%
83, 0.00018, 3211226.93141, 11186.95485, 48.077%
84, 0.00018, 18122584876.29010, 52256844.75851, 50.955%
85, 0.00018, 13035435.20341, 65716.67465, 47.929%
86, 0.00018, 1977930868.56160, 6010259.07244, 47.826%
87, 0.00018, 39610512376.63268, 123742025.28382, 46.795%
88, 0.00018, 10025240.12029, 30418.73107, 54.321%
89, 0.00018, 222491.44252, 2258.09984, 45.342%
90, 0.00018, 216530215.01070, 1102845.52990, 48.408%
91, 0.00018, 50751932169.44584, 145037972.13619, 45.223%
92, 0.00018, 254424070267.12250, 729188743.94339, 54.194%
93, 0.00018, 40128603149923.69531, 115603663038.82167, 47.712%
94, 0.00018, 30381509340.53301, 86909750.07934, 48.344%
95, 0.00018, 80826577523.30026, 231074090.38390, 50.000%
96, 0.00018, 210617053497444.50000, 603702049199.74060, 44.654%
97, 0.00018, 2026687.91171, 11583.47774, 50.932%
98, 0.00018, 103221578.15380, 297902.40891, 50.000%
99, 0.00018, 2396063007.01568, 9500517.83778, 46.053%
100, 0.00018, 173280920.38445, 620225.47710, 54.545%
