File: ../datasets/SR_div.txt
N_vars: 1 N_gens: 100 Pop_size: 400 XP: 0.9 MP: 0.3 TS: 80 MAX_D: 7 MIN_D: 3
[GEN], [BEST_FIT], [WORST_FIT], [AVG_FIT], [% BETTER CHILDREN]
1, 9.08006, 259095.68332, 2241.95443, 0.000%
2, 9.06530, 8024.45264, 67.18222, 50.556%
3, 7.02446, 72697.20161, 230.38010, 60.000%
4, 7.02446, 5425.79368, 38.88905, 55.848%
5, 7.02446, 3145706.78033, 7942.78034, 85.057%
6, 7.02446, 43850.92956, 146.43833, 81.742%
7, 7.02446, 27380571.43192, 69263.29474, 82.558%
8, 7.02446, 4579.77142, 30.56455, 82.143%
9, 7.02446, 256963.10680, 676.26826, 81.564%
10, 7.02446, 19459.68357, 64.34916, 83.607%
11, 7.02446, 29019.93206, 93.68481, 79.412%
12, 7.02446, 15663.26013, 93.73479, 78.488%
13, 7.02446, 25397550.33182, 64432.34742, 82.456%
14, 7.02446, 1766809.92829, 4502.38475, 83.708%
15, 7.02446, 58435.32953, 170.75286, 79.050%
16, 7.02446, 74819.49341, 206.58241, 83.791%
17, 7.02398, 12512.76801, 52.26772, 83.424%
18, 7.01148, 992688.69287, 2614.76175, 74.444%
19, 7.01148, 13430.05978, 86.37979, 73.580%
20, 7.01148, 23302.44994, 76.13197, 83.516%
21, 7.01148, 517404.49525, 1380.98548, 79.429%
22, 7.01148, 62532.45518, 169.12824, 85.484%
23, 7.00092, 1961658.50469, 5759.83881, 79.598%
24, 7.00092, 4591.75779, 58.88431, 72.414%
25, 7.00092, 22078.99835, 115.59777, 83.708%
26, 7.00092, 65567.32136, 396.35402, 86.957%
27, 7.00092, 4534.34635, 38.28198, 83.799%
28, 7.00092, 33513.49968, 173.15898, 81.073%
29, 7.00092, 245493387.89861, 613804.07067, 80.925%
30, 6.95890, 30609.80834, 119.03799, 81.111%
31, 6.95890, 1373741.79336, 4134.94895, 71.154%
32, 6.95890, 366612143.24154, 917503.23178, 83.051%
33, 6.95890, 4265.90823, 35.83079, 81.006%
34, 6.95890, 10205.05022, 50.61406, 81.694%
35, 6.94934, 1522.06424, 16.18408, 82.527%
36, 6.94934, 639719.55461, 1625.87763, 75.275%
37, 6.94934, 14575.88208, 73.98007, 80.541%
38, 6.94934, 40898.55360, 199.80114, 85.475%
39, 6.94934, 523779.53316, 1358.42445, 81.452%
40, 6.94934, 4261.14269, 41.47107, 81.148%
41, 6.94934, 419183.05575, 1276.72701, 83.621%
42, 6.94934, 159648199.89673, 399150.48698, 80.110%
43, 6.94934, 7200142.56931, 18145.12636, 83.616%
44, 6.94934, 577778.40690, 1464.04303, 82.609%
45, 6.94934, 15632.20150, 84.81802, 81.868%
46, 6.94934, 65707.98103, 215.23062, 82.123%
47, 6.92917, 192727758.08251, 481841.14383, 80.376%
48, 6.92917, 21069.67784, 78.45749, 69.837%
49, 6.92917, 6438.05257, 44.07052, 79.730%
50, 6.92917, 8186.44118, 51.51309, 82.609%
51, 6.92917, 49567.61902, 278.04310, 81.285%
52, 6.92917, 10879.75957, 45.95004, 80.939%
53, 6.92917, 27624.21435, 124.64158, 82.865%
54, 6.92917, 248285.91333, 635.08758, 80.053%
55, 6.92917, 52119.32872, 151.44304, 83.611%
56, 6.92917, 4671.20377, 43.00199, 82.486%
57, 6.92917, 129841929.69396, 333197.20463, 81.897%
58, 6.92917, 803.63896, 19.82581, 82.337%
59, 6.92917, 3280.82624, 37.60409, 81.871%
60, 6.92917, 3547.58028, 34.70148, 81.551%
61, 6.92917, 7209.23889, 49.86823, 83.511%
62, 6.92917, 382986.69940, 975.76531, 77.933%
63, 6.87983, 8029.73410, 47.24054, 83.046%
64, 6.87983, 3646.68718, 26.85956, 70.106%
65, 6.87983, 554196.07543, 1410.50819, 79.714%
66, 6.87983, 46854.04693, 139.46981, 84.254%
67, 6.87983, 26706.06762, 116.64657, 82.320%
68, 6.87983, 2465.64645, 28.60808, 81.044%
69, 6.87983, 3890.88931, 36.19026, 78.962%
70, 6.64437, 128454.95709, 397.00563, 80.387%
71, 6.64437, 5932.47552, 52.97023, 63.441%
72, 6.64437, 6155633.27177, 15748.81493, 82.386%
73, 6.64437, 10976.66551, 69.73659, 80.328%
74, 6.64437, 40916.69043, 133.38943, 79.722%
75, 6.64437, 13215.92868, 65.78236, 83.791%
76, 6.64437, 1380928.70039, 4687.02700, 82.597%
77, 6.64437, 567351.79369, 1484.42646, 81.503%
78, 6.64437, 10831.29722, 67.71201, 82.759%
79, 6.64437, 25248.28815, 164.96120, 85.227%
80, 6.64437, 196507.33493, 833.34014, 84.054%
81, 6.64102, 10279905.94498, 25743.27664, 81.638%
82, 6.64102, 26277.42807, 82.98097, 73.204%
83, 6.64102, 24590.89721, 106.07169, 78.142%
84, 6.63648, 38206.04944, 176.91836, 75.843%
85, 6.60329, 5519.06601, 38.35345, 72.678%
86, 6.60329, 493.83524, 22.34550, 63.687%
87, 6.60329, 43342.61860, 158.58136, 82.500%
88, 6.60329, 25521.78072, 82.35401, 81.868%
89, 6.60329, 503054.81611, 1810.53756, 81.389%
90, 6.60093, 31814.82378, 175.47028, 81.768%
91, 6.60093, 4839.94671, 33.06286, 66.860%
92, 6.60093, 113109.84414, 340.81824, 81.006%
93, 6.60093, 39248.19693, 115.63713, 82.597%
94, 6.60093, 39519.46711, 151.17685, 80.328%
95, 6.60093, 4162.39868, 36.80994, 82.123%
96, 6.60093, 408262.84379, 1060.26540, 81.073%
97, 6.60093, 7875.57622, 67.35748, 81.989%
98, 6.60093, 571992.05073, 1448.30930, 80.056%
99, 6.60093, 5070.26475, 50.40760, 86.111%
100, 6.60093, 20846.38772, 73.19927, 81.111%
