File: ../datasets/SR_div.txt
N_vars: 1 N_gens: 100 Pop_size: 400 XP: 0.9 MP: 0.3
[GEN], [BEST_FIT], [WORST_FIT], [AVG_FIT], [% BETTER CHILDREN]
1, 7.678, 43406436732292.547, 108516107925.217, 0.000%
2, 3.322, 86670.891, 344.758, 38.298%
3, 1.419, 158878.036, 593.040, 39.011%
4, 1.419, 3714686506.220, 9287095.158, 36.236%
5, 1.310, 3609.661, 70.028, 32.471%
6, 1.310, 1661.040, 31.790, 35.753%
7, 1.310, 2653.720, 86.046, 39.779%
8, 1.309, 3584.161, 49.067, 50.276%
9, 1.309, 287226.304, 1548.081, 43.966%
10, 0.698, 332200.352, 1738.812, 46.910%
11, 0.456, 273698.278, 823.665, 34.831%
12, 0.336, 123957.891, 393.539, 43.716%
13, 0.252, 2209.606, 63.964, 38.462%
14, 0.060, 133471.559, 535.396, 26.590%
15, 0.060, 4684.542, 143.528, 24.185%
16, 0.020, 2503002.436, 6438.852, 41.954%
17, 0.020, 253409.255, 1182.156, 29.444%
18, 0.020, 16478.949, 88.535, 37.017%
19, 0.020, 15924695877.962, 39811954.133, 33.908%
20, 0.020, 178688961.101, 1343601.364, 37.500%
21, 0.020, 16573.152, 103.569, 46.667%
22, 0.020, 2955.263, 44.127, 35.465%
23, 0.020, 13267.228, 66.557, 46.448%
24, 0.020, 28132.644, 128.100, 44.199%
25, 0.020, 50282.585, 160.107, 46.067%
26, 0.020, 149516.744, 452.003, 36.313%
27, 0.020, 24329.193, 215.318, 46.893%
28, 0.020, 214841.942, 619.776, 46.893%
29, 0.020, 3112.007, 39.879, 45.109%
30, 0.020, 109033.782, 310.649, 42.286%
31, 0.020, 5357143.727, 13428.957, 43.646%
32, 0.020, 2316.994, 46.333, 42.135%
33, 0.020, 5555.578, 32.935, 45.405%
34, 0.020, 81259.968, 761.613, 39.106%
35, 0.020, 137416.694, 495.190, 41.758%
36, 0.020, 2743.128, 35.686, 47.753%
37, 0.020, 26083.757, 93.595, 41.579%
38, 0.020, 27626.996, 93.826, 43.243%
39, 0.020, 10577.503, 71.561, 38.462%
40, 0.020, 3375.705, 41.656, 40.782%
41, 0.020, 3300074.825, 8308.485, 40.909%
42, 0.020, 5565468.266, 13955.750, 47.120%
43, 0.020, 1556725.257, 5032.625, 42.328%
44, 0.020, 17646.191, 91.616, 48.023%
45, 0.020, 5968.803, 43.995, 44.633%
46, 0.020, 31340.116, 113.136, 46.893%
47, 0.020, 172155.225, 700.773, 45.405%
48, 0.020, 26624.785, 103.530, 36.782%
49, 0.020, 1007.815, 23.364, 41.081%
50, 0.020, 21846.311, 75.429, 34.615%
51, 0.020, 7105.839, 63.075, 45.198%
52, 0.020, 37173.944, 198.557, 38.043%
53, 0.020, 48496.640, 423.875, 40.000%
54, 0.020, 7947299.761, 22176.262, 44.134%
55, 0.020, 236631.550, 665.258, 38.122%
56, 0.020, 3241.799, 32.488, 40.449%
57, 0.020, 12549.915, 77.647, 40.110%
58, 0.013, 161866798.174, 405918.145, 40.659%
59, 0.013, 3104.263, 32.468, 33.967%
60, 0.005, 817746.833, 2110.333, 46.133%
61, 0.002, 642120.939, 1665.711, 28.689%
62, 0.002, 6543.677, 582.286, 34.699%
63, 0.001, 154014.371, 603.775, 42.571%
64, 0.001, 101524.346, 823.417, 30.447%
65, 0.001, 16849.828, 455.221, 42.033%
66, 0.001, 14114.991, 103.591, 42.938%
67, 0.001, 73333.882, 268.600, 39.655%
68, 0.001, 612870.460, 1717.538, 37.931%
69, 0.001, 428033.867, 1099.619, 44.382%
70, 0.001, 29187.302, 188.480, 48.387%
71, 0.001, 2810872.876, 7092.062, 37.640%
72, 0.001, 1007.815, 22.481, 44.624%
73, 0.001, 883438.882, 2364.821, 42.938%
74, 0.001, 12414.630, 119.999, 44.509%
75, 0.001, 7682081295.101, 19205366.394, 36.464%
76, 0.001, 298154.910, 1073.257, 42.458%
77, 0.001, 16192.688, 162.319, 38.012%
78, 0.001, 75968.685, 382.324, 38.043%
79, 0.001, 2000.263, 39.857, 40.659%
80, 0.001, 3278.177, 52.029, 39.181%
81, 0.001, 156300.654, 414.689, 45.902%
82, 0.001, 6631984.232, 16706.107, 47.486%
83, 0.001, 11979.977, 82.573, 40.541%
84, 0.001, 52329.470, 156.192, 44.565%
85, 0.001, 82177.063, 248.853, 37.569%
86, 0.001, 224129.918, 801.411, 43.103%
87, 0.001, 7270.897, 67.256, 44.022%
88, 0.001, 17364.393, 93.747, 37.430%
89, 0.001, 152940.893, 462.141, 35.519%
90, 0.001, 5234.857, 84.042, 38.122%
91, 0.001, 5134806.670, 13183.861, 37.931%
92, 0.001, 3554555.850, 10902.059, 41.899%
93, 0.001, 2345.062, 57.862, 35.989%
94, 0.001, 27336.669, 166.893, 41.808%
95, 0.001, 11387.541, 91.782, 40.351%
96, 0.001, 526359.268, 1402.682, 43.243%
97, 0.001, 51917.070, 768.964, 32.571%
98, 0.001, 2721.473, 49.176, 37.778%
99, 0.001, 1546.094, 60.017, 37.079%
100, 0.001, 15643.664, 94.458, 39.362%
