File: ../datasets/SR_div.txt
N_vars: 1 N_gens: 100 Pop_size: 500 XP: 0.6 MP: 0.1 TS: 20 MAX_D: 6 MIN_D: 2
[GEN], [BEST_FIT], [WORST_FIT], [AVG_FIT], [% BETTER CHILDREN]
1, 9.28274, 1406691677582.47827, 2833493676.07069, 0.000%
2, 7.88512, 276877914766.09998, 1064613409.58906, 35.252%
3, 7.81737, 2334817505944.71387, 4669700542.90445, 38.291%
4, 7.23799, 2697256670196485120.00000, 5394513343665883.00000, 22.956%
5, 7.23799, 787118184.78583, 2677689.37988, 15.806%
6, 7.05499, 2159280996983.24878, 4360397505.47317, 22.697%
7, 7.05499, 128138194068290192.00000, 256276398978903.62500, 30.573%
8, 6.96599, 8849147186.18948, 25813193.88697, 26.000%
9, 6.94558, 484302602900.56036, 972247227.32397, 25.000%
10, 6.94558, 302416520.54084, 1025033.23800, 28.931%
11, 6.85586, 4099046.27150, 12274.06396, 16.770%
12, 6.85586, 8703171094620.85645, 17407019339.39655, 19.304%
13, 6.84354, 6022142025.57103, 12713550.13201, 15.333%
14, 4.10992, 514928329.49177, 1165082.45249, 22.368%
15, 3.91341, 3594615919894.74805, 8596187381.98503, 24.367%
16, 3.71736, 246938725.92510, 577006.63880, 22.426%
17, 3.71736, 10834968337.84869, 24590110.57685, 25.839%
18, 1.54813, 1121961293.42154, 3236477.77380, 17.808%
19, 1.54813, 306671489.42166, 1047779.31779, 26.452%
20, 1.07068, 2912615140.09069, 7982199.47706, 25.862%
21, 0.76798, 414731154.16947, 1522086.51509, 26.899%
22, 0.76798, 544604392.62178, 1456814.60339, 23.270%
23, 0.76798, 564380283.59073, 1270004.67162, 19.079%
24, 0.76798, 152497135475.03986, 462422403.38221, 23.381%
25, 0.76798, 36881784.63794, 247954.20939, 27.885%
26, 0.76497, 12974296.02554, 54907.33406, 31.293%
27, 0.76497, 68314144614.18149, 137224080.34176, 26.056%
28, 0.76497, 10459901805.35617, 23846655.86978, 18.471%
29, 0.70899, 10918680796.52832, 21972566.00923, 27.273%
30, 0.66106, 120406737.37640, 525721.28959, 25.325%
31, 0.66106, 6282561007598.61133, 12576904568.91098, 19.485%
32, 0.64727, 21604641940.31687, 44619381.48546, 15.161%
33, 0.64727, 9513811459721.96875, 19027958733.85205, 21.338%
34, 0.62960, 491448090501.13593, 985091431.68974, 15.862%
35, 0.47550, 81449084712.36736, 164037707.35103, 23.050%
36, 0.45070, 55860783.54160, 355686.22613, 15.541%
37, 0.45070, 22228151312.74032, 44489004.04672, 17.296%
38, 0.44691, 138310754751008048.00000, 276621520897931.81250, 20.357%
39, 0.42730, 353930073.37287, 867596.55578, 31.902%
40, 0.42730, 52547257.51010, 140241.10877, 22.756%
41, 0.39987, 5594581309.69495, 13383775.63592, 13.087%
42, 0.39987, 5444255039.70474, 11012672.04709, 22.549%
43, 0.39987, 1058414585.17111, 2387062.50640, 19.643%
44, 0.39987, 966297889.81165, 2229661.86119, 26.797%
45, 0.39987, 951416895.88056, 2822976.65382, 27.241%
46, 0.33403, 2857809291.69001, 6299491.43273, 27.483%
47, 0.33403, 366615757.92813, 1399338.29370, 27.891%
48, 0.29162, 1767052759.16945, 4420316.00924, 23.129%
49, 0.29162, 107293501.22876, 298457.38059, 18.506%
50, 0.14381, 1790267213.55044, 3837063.32994, 18.000%
51, 0.14381, 6172270.40431, 40092.31759, 20.915%
52, 0.14381, 30052616851823792.00000, 60105236118239.19531, 17.931%
53, 0.11209, 5832657.89955, 18818.71863, 19.355%
54, 0.11209, 2007717024.13779, 5217922.07625, 30.255%
55, 0.11209, 688751708167.50500, 1428564685.09572, 21.739%
56, 0.11209, 1993459167.46076, 5462183.30416, 22.403%
57, 0.11209, 121968746897.82912, 244278712.54463, 26.871%
58, 0.11209, 2008752867381.37305, 4060379313.89952, 30.909%
59, 0.11209, 787300665.94480, 2601962.60767, 26.899%
60, 0.11152, 74707773298.79700, 150548570.85792, 17.296%
61, 0.11152, 1973208163217.93555, 4097510743.24082, 29.856%
62, 0.11152, 1913178113.18079, 7253465.01922, 22.152%
63, 0.11152, 6168251603.83679, 12643526.19099, 19.156%
64, 0.11152, 119971078.85158, 295349.67402, 25.974%
65, 0.11152, 123151188582.19698, 380552020.82746, 25.000%
66, 0.11152, 13771446268.65905, 29984193.55665, 27.211%
67, 0.11152, 12163528133365650.00000, 24327056409349.28516, 22.222%
68, 0.11152, 1144777803741.50439, 2298280103.55528, 22.378%
69, 0.11152, 82583889.36692, 195036.40308, 27.083%
70, 0.11152, 172287619.30257, 704431.98064, 31.690%
71, 0.11152, 37371653.08230, 146011.30337, 19.872%
72, 0.11152, 37754749.48792, 197638.55822, 25.478%
73, 0.11152, 477676112.91069, 1084179.22051, 23.022%
74, 0.11152, 348741902.89510, 1100749.34813, 26.897%
75, 0.10726, 83671884339827648.00000, 167343768906544.28125, 22.368%
76, 0.10726, 846127239.19679, 2649583.98767, 21.622%
77, 0.10726, 53592091.53123, 332766.08419, 16.887%
78, 0.10726, 1228516768782.33301, 2511155817.26033, 23.841%
79, 0.09591, 3106912897.67989, 6249151.49532, 25.817%
80, 0.09591, 15071450.82928, 83650.76665, 27.707%
81, 0.09591, 8826540095.79056, 17830885.46013, 30.065%
82, 0.08603, 74594340.90219, 227649.77932, 20.833%
83, 0.08329, 34798223.12243, 246639.62609, 26.708%
84, 0.08329, 166621108.62981, 657692.37495, 23.154%
85, 0.08329, 257691088.52400, 747497.50816, 17.197%
86, 0.08329, 236532222.41908, 605559.86614, 24.172%
87, 0.08329, 9504957.68534, 51694.43229, 29.252%
88, 0.08329, 55249617.74810, 133724.54792, 22.581%
89, 0.08329, 515323578440.15802, 1030758833.17619, 22.667%
90, 0.08329, 13229750208.50409, 26483852.41069, 22.148%
91, 0.08329, 76073201335.03134, 190822624.30707, 28.261%
92, 0.08329, 70446349542507996512256.00000, 140892699085016203264.00000, 25.974%
93, 0.08329, 48871604548.11233, 104806249.26744, 20.280%
94, 0.08329, 16066023.14904, 79920.96430, 33.117%
95, 0.08329, 14980028.56786, 78805.06243, 23.810%
96, 0.08329, 161746107709.03323, 323557465.62653, 28.571%
97, 0.02438, 5648686587.81442, 11478279.58154, 26.712%
98, 0.02438, 504147666.55976, 1046319.78896, 21.786%
99, 0.02438, 18587154115.06373, 53637066.86923, 29.225%
100, 0.02438, 40696841.35482, 193618.00772, 25.333%
