File: ../datasets/SR_div.txt
N_vars: 1 N_gens: 20 Pop_size: 350 XP: 0.9 MP: 0.3 TS: 80 MAX_D: 6 MIN_D: 1
[GEN], [BEST_FIT], [WORST_FIT], [AVG_FIT], [% BETTER CHILDREN]
1, 9.31782, 50277044961.58616, 149447663.63934, 0.000%
2, 7.86968, 1163426.97571, 6959.56104, 34.667%
3, 7.86968, 868331955.96305, 2481551.60898, 30.189%
4, 7.83633, 1619009.16606, 8660.66060, 51.948%
5, 7.83633, 3416662.77191, 12103.41479, 37.658%
6, 7.83633, 28920109.68629, 370350.50882, 49.367%
7, 7.81722, 27064288362.11400, 79334577.21603, 48.986%
8, 7.81722, 64845660.93427, 185736.11314, 44.512%
9, 7.81722, 4254303.17483, 92302.81256, 45.370%
10, 7.81722, 388990.74101, 5223.91315, 50.613%
11, 7.81722, 4207188.81817, 26203.37824, 55.183%
12, 7.81722, 586521.47084, 2254.15718, 42.767%
13, 7.81722, 17516530713.97588, 50161994.83219, 51.572%
14, 7.81722, 423907.04811, 1722.07081, 52.848%
15, 7.81411, 4951967.39967, 18982.96133, 50.327%
16, 7.81411, 103358.56020, 571.86490, 44.062%
17, 7.81411, 166819.88386, 860.20874, 40.881%
18, 7.81411, 7313993.24036, 28630.71142, 50.327%
19, 7.81097, 322917.51124, 1632.51324, 52.229%
20, 7.81097, 8045044.59262, 676193.42847, 27.124%
