File: ../datasets/SR_div.txt
N_vars: 1 N_gens: 100 Pop_size: 350 XP: 0.3 MP: 0.05 TS: 20 MAX_D: 7 MIN_D: 3
[GEN], [BEST_FIT], [WORST_FIT], [AVG_FIT], [% BETTER CHILDREN]
1, 9.91414, 382424673284.64636, 2280740971.57232, 0.000%
2, 9.28309, 25299118257387.72266, 72376384499.24486, 43.137%
3, 9.28309, 1289458102.65723, 7091959.75353, 29.464%
4, 8.23510, 1342166359941.11499, 6567452407.70319, 20.833%
5, 8.23510, 586587868696280192.00000, 1675965531511675.25000, 29.592%
6, 8.14529, 8655664482433.92871, 25383959118.59742, 26.136%
7, 7.97985, 162769057212.36133, 515119870.98452, 30.488%
8, 7.97128, 5981868961871673.00000, 17091833428414.37109, 20.909%
9, 7.72987, 561662766627.24109, 2465712263.45714, 21.569%
10, 7.72326, 8703978864733013.00000, 38810702974296.61719, 38.776%
11, 7.72326, 11729206595814388.00000, 33512037412605.94141, 39.796%
12, 7.72326, 8804844631.91187, 30786800.37859, 32.031%
13, 7.72326, 52147015493700192.00000, 148993561582046.81250, 50.000%
14, 7.72326, 23214000272599.41406, 66535727211.84946, 50.000%
15, 7.72326, 6223988182.55435, 27797059.31640, 53.704%
16, 6.88886, 1927688355359.22095, 9931116646.61068, 38.182%
17, 6.88886, 2203043740817.17139, 6656749252.71566, 39.344%
18, 6.88886, 103293743162.90846, 566490924.04009, 35.294%
19, 6.88886, 281399392296.34479, 828057880.85121, 44.000%
20, 4.30323, 8422967334800683.00000, 24068382961851.22656, 41.111%
21, 4.30323, 166815632768.69995, 486877691.75391, 41.176%
22, 4.30323, 23222514791.27792, 72088758.06769, 38.000%
23, 3.84510, 3772798472659.30615, 11171700156.48973, 37.500%
24, 3.84510, 554673006466.52051, 3263482722.47357, 37.719%
25, 1.64213, 125660071872.72977, 423744847.07634, 44.898%
26, 1.64213, 109896400124.73915, 393922734.56110, 52.500%
27, 1.64213, 9099080564.40398, 82575018.34030, 50.000%
28, 1.64213, 23016910624.93317, 69715748.32242, 42.000%
29, 1.64213, 13121201481.98167, 77906771.51903, 54.386%
30, 1.64213, 523129431949.25012, 2064640479.31479, 62.500%
31, 1.64213, 73417764619.84593, 244006774.08978, 61.667%
32, 1.64213, 40918901157795.67969, 116974818516.61165, 58.537%
33, 1.64213, 53724200099732.19531, 156134206376.08023, 75.833%
34, 1.64213, 109936738160.65762, 433180017.61340, 47.619%
35, 1.64213, 438576547763173.31250, 1254794302171.83545, 50.000%
36, 1.64213, 10252058212718.29883, 30147247402.19333, 56.000%
37, 1.64213, 7429681904627752960.00000, 21227666608577488.00000, 61.364%
38, 1.64213, 137555158811656.87500, 553545766091.74719, 48.718%
39, 0.66951, 8791545941.46517, 27762829.41679, 48.000%
40, 0.66951, 6143864446648559.00000, 17553915553203.93945, 55.738%
41, 0.66951, 154216010682.77640, 498829978.34536, 46.591%
42, 0.66951, 9907224317.33010, 38425613.41316, 64.815%
43, 0.66951, 111151181805269.78125, 317597460845.25323, 56.897%
44, 0.66951, 6671289846979.66211, 22332017762.53471, 54.545%
45, 0.66951, 240869944720.05417, 1393159304.45074, 53.846%
46, 0.66951, 2331314398.73741, 7187165.92649, 62.264%
47, 0.66951, 92900286012.44220, 278662129.57436, 43.103%
48, 0.66951, 1598766874.43589, 11132117.15370, 59.677%
49, 0.66951, 32556851717.97852, 122333548.95756, 45.000%
50, 0.66951, 22379758370652.55078, 89451703184.27104, 53.448%
51, 0.66951, 50129209373.97784, 189347535.43919, 57.447%
52, 0.66951, 138185102159030.12500, 395026120393.08118, 45.238%
53, 0.66951, 168448479426.20706, 500003479.87939, 62.037%
54, 0.66951, 102895630329.66273, 370498655.54375, 58.462%
55, 0.66951, 88505791008.79814, 489921406.20111, 62.745%
56, 0.66951, 32040474733.57069, 151977069.55775, 62.500%
57, 0.66951, 2475355120.50915, 9710902.29725, 60.714%
58, 0.66951, 30372621943081.46484, 86781224296.63808, 46.154%
59, 0.66951, 3037677784.16055, 16954015.39306, 60.377%
60, 0.66951, 16846290005.35212, 89495803.03877, 76.190%
61, 0.66951, 2714265156097.41406, 8405915767.63214, 56.522%
62, 0.66951, 90970773220016336.00000, 310499639550544.93750, 51.111%
63, 0.66951, 47228027821.82055, 137819309.01258, 47.959%
64, 0.66951, 304328399403.20654, 1140181734.20445, 71.053%
65, 0.66951, 306605275822814.18750, 876924369106.10754, 54.902%
66, 0.66951, 9282301018252014.00000, 26520906742023.32031, 63.462%
67, 0.66951, 232806922344940.37500, 665293861102.47424, 51.923%
68, 0.66951, 403118995943541.87500, 1155590965924.18774, 58.491%
69, 0.66951, 92073339876.98936, 415317456.11866, 50.000%
70, 0.66951, 52871629921647.57812, 153899276180.90509, 48.214%
71, 0.66951, 105217931051715216.00000, 300622752932982.18750, 57.143%
72, 0.66951, 2950219258350.89648, 11439787382.95662, 58.333%
73, 0.66951, 12790504383.91938, 60464830.56526, 66.000%
74, 0.66951, 10178507761.56831, 33620352.33111, 57.377%
75, 0.66951, 2529594137352.15625, 12103256745.80256, 54.000%
76, 0.66951, 257025848564133.21875, 734395270941.20166, 66.000%
77, 0.66951, 3770642198.75797, 16627885.32602, 47.727%
78, 0.66951, 293741344991.26630, 907642040.58336, 50.820%
79, 0.66951, 2371703623388.42139, 6779334431.78800, 45.455%
80, 0.66951, 9250468081.84313, 37461525.66357, 52.885%
81, 0.66951, 33302372804.60123, 139690633.03363, 61.667%
82, 0.66951, 1854816480662569.75000, 5299843815176.93457, 50.000%
83, 0.66951, 1066675237920.87390, 3101236721.42507, 58.333%
84, 0.66951, 1379946889897.41333, 4798858274.53687, 56.863%
85, 0.66951, 15753192800058.07031, 53798933615.71567, 56.604%
86, 0.66951, 11452473290.21066, 41339438.52290, 58.333%
87, 0.66951, 2961521113624704.00000, 8462527669051.88574, 61.224%
88, 0.66951, 6180517571623.42383, 17782076324.28183, 56.250%
89, 0.66951, 60802539774271.35156, 177165622957.17450, 70.588%
90, 0.66951, 1578800168115318.00000, 4511274561643.57324, 58.696%
91, 0.66951, 1971594391537.90332, 5740012594.84164, 71.930%
92, 0.66951, 28037023521948596.00000, 80113197252508.65625, 40.909%
93, 0.66951, 59952791171664.19531, 174494322791.61600, 61.224%
94, 0.66951, 8937342006012.24609, 37571468921.56245, 62.745%
95, 0.66951, 125907118299979024.00000, 359745056185039.37500, 48.148%
96, 0.66951, 6609920055.80528, 51711544.15558, 60.714%
97, 0.66951, 164066829931492.59375, 469099786225.42340, 70.930%
98, 0.66951, 214678637371.46576, 1239029977.38643, 60.345%
99, 0.66951, 977939045451.27881, 2934104067.54759, 54.717%
100, 0.66951, 2429633140876.51465, 12385022699.75022, 66.038%
