File: ../datasets/SR_div.txt
N_vars: 1 N_gens: 100 Pop_size: 350 XP: 0.9 MP: 0.3 TS: 20 MAX_D: 7 MIN_D: 3
[GEN], [BEST_FIT], [WORST_FIT], [AVG_FIT], [% BETTER CHILDREN]
1, 7.73948, 177463965604028.18750, 507074654605.83099, 0.000%
2, 8.94609, 4715007.92132, 17361.05354, 37.013%
3, 6.72189, 5273096.36318, 20981.64645, 38.782%
4, 4.87091, 16258536477284858.00000, 46452961377536.39062, 30.124%
5, 3.27788, 1338869502.56864, 3850843.30084, 26.603%
6, 0.87625, 979225843.23237, 2945178.03823, 25.000%
7, 0.71783, 1382202487.21197, 4316544.66892, 18.910%
8, 0.36381, 1763068745.45143, 5817434.80736, 20.312%
9, 0.27585, 945367945.63176, 3045834.45389, 17.949%
10, 0.27585, 14403452808.56802, 41327523.60700, 12.500%
11, 0.27585, 48426534163643.79688, 138474756051.00439, 12.739%
12, 0.23728, 49842702651.06872, 142424718.86132, 21.069%
13, 0.23728, 7707448.01962, 24866.11556, 21.472%
14, 0.23728, 1774421.03770, 8651.64396, 20.440%
15, 0.23728, 18171619.21386, 103235.29447, 17.208%
16, 0.23514, 12698217.32428, 64586.75481, 18.671%
17, 0.23514, 23394510.33396, 91234.42769, 23.734%
18, 0.23514, 1101986917.31534, 3466007.46590, 19.255%
19, 0.23514, 7330533.15384, 29008.22772, 20.807%
20, 0.23514, 14159766176.17712, 40515614.23646, 21.975%
21, 0.23514, 551194027.24257, 2063378.41787, 23.718%
22, 0.18451, 537348654.69240, 1644996.95797, 24.038%
23, 0.18451, 26184112.71098, 236125.09503, 21.779%
24, 0.18451, 1664303946888.56689, 4758909698.60418, 21.975%
25, 0.18451, 374016328.14518, 1082513.94947, 16.667%
26, 0.18451, 16582745703.48106, 47384971.24015, 22.517%
27, 0.17200, 18736161.01220, 111390.31261, 28.767%
28, 0.17200, 5541617336.24286, 17747759.41152, 14.901%
29, 0.16202, 6261285.10739, 35506.43521, 18.634%
30, 0.16202, 8480896.93004, 24960.21440, 17.089%
31, 0.16202, 366340.44805, 3391.65346, 13.291%
32, 0.16202, 9858651417.07489, 28178476.86773, 19.444%
33, 0.16202, 87951353707.10162, 308176198.62821, 28.221%
34, 0.16202, 1684648832238142.00000, 4813282401779.82324, 24.204%
35, 0.16202, 247263.89662, 4043.02152, 22.876%
36, 0.16202, 62024193.74074, 181809.77968, 18.471%
37, 0.16202, 1017420689599188.37500, 2906925461544.14502, 29.412%
38, 0.16202, 8585132.48804, 29876.93054, 18.868%
39, 0.16202, 206428124810526.90625, 589794644634.80811, 28.205%
40, 0.16202, 306465.84787, 2459.86698, 21.019%
41, 0.16202, 1599567.03906, 8393.45684, 25.786%
42, 0.16202, 13628514973.81857, 44635624.20308, 29.936%
43, 0.16202, 493588143192778.62500, 1411248983897.98169, 25.503%
44, 0.16202, 1703198708932761600.00000, 4866282039862313.00000, 27.742%
45, 0.16202, 2861774029547.99561, 8804092421.90474, 20.755%
46, 0.16202, 21192216.57964, 63921.82019, 27.673%
47, 0.16202, 739239490.47261, 2119225.59371, 25.161%
48, 0.16202, 818585036.65726, 2438643.67510, 29.114%
49, 0.16202, 1830209345.03057, 5265265.01251, 28.205%
50, 0.16202, 2277600.12479, 8406.92335, 26.282%
51, 0.16202, 693368300248923.50000, 1981056634417.44604, 29.412%
52, 0.16202, 1675876345.31196, 9527303.96041, 24.026%
53, 0.16202, 4486954.87021, 26059.46637, 23.899%
54, 0.16202, 72568995.59006, 515231.03662, 18.831%
55, 0.16202, 131109467522.70644, 374687184.36097, 26.087%
56, 0.16202, 179390207.59712, 615011.98962, 15.000%
57, 0.16202, 67246152.24216, 212002.71587, 18.121%
58, 0.16202, 4797712769.51272, 20407997.96379, 29.193%
59, 0.16202, 2329836302.35922, 7856885.64860, 20.530%
60, 0.16202, 846408860517.03137, 2570809599.41908, 30.000%
61, 0.16202, 156796849.88516, 451501.55076, 19.255%
62, 0.16202, 201235069.20310, 922627.02496, 25.000%
63, 0.16202, 272517554.90629, 823021.00634, 23.077%
64, 0.16202, 955574.90819, 5306.67080, 23.171%
65, 0.16202, 47892936130387824.00000, 410510986725518.75000, 28.571%
66, 0.16202, 108165408.11159, 325776.20945, 27.950%
67, 0.16202, 38595537.66319, 113184.85989, 25.157%
68, 0.16199, 72374904.12392, 291502.51253, 16.981%
69, 0.16199, 149463618961.98801, 434365560.14979, 20.382%
70, 0.16199, 1485664058.80867, 4752029.67735, 23.054%
71, 0.16199, 8637624.60287, 54980.52008, 16.667%
72, 0.16199, 646652501.56809, 1852470.56039, 19.032%
73, 0.16199, 1230448959310.55762, 3516067301.11450, 17.097%
74, 0.16199, 11957571.68573, 52092.81655, 18.012%
75, 0.16199, 1290191828.55716, 3812269.79001, 24.085%
76, 0.16199, 19956701.10386, 63044.75404, 29.487%
77, 0.16199, 2285578.61380, 10352.01413, 24.841%
78, 0.16199, 1281738.58847, 7136.88774, 10.759%
79, 0.16199, 245474.51456, 1506.29044, 28.302%
80, 0.16199, 1126789.54441, 3942.86197, 26.946%
81, 0.16199, 6202984.12113, 36015.56144, 20.513%
82, 0.16199, 35982795.51461, 113439.70578, 20.253%
83, 0.16199, 49839150042.46094, 142755573.65872, 18.301%
84, 0.16199, 38127220.77534, 114633.08435, 18.750%
85, 0.16199, 284388724.29651, 814549.70792, 31.677%
86, 0.16199, 14477061.07169, 55955.63848, 21.795%
87, 0.16199, 106597862628.88414, 390564843.80105, 28.662%
88, 0.16199, 15853639.61253, 62261.89862, 23.077%
89, 0.16199, 80492283120.10249, 231628407.98286, 20.606%
90, 0.16199, 187314155966908960.00000, 535183302764048.56250, 17.834%
91, 0.16199, 74683759.06059, 353924.48836, 17.532%
92, 0.16199, 217533024.42340, 641547.36141, 25.617%
93, 0.16199, 31668831.43187, 94003.17285, 20.886%
94, 0.16199, 1259755683266.41357, 3604899871.79449, 23.871%
95, 0.16199, 8751400596.25808, 26261949.51862, 20.482%
96, 0.16199, 3654304.55780, 24728.88617, 24.528%
97, 0.16199, 280581065.05294, 1022893.49519, 20.253%
98, 0.16199, 11248155.13216, 32659.97954, 23.602%
99, 0.16199, 18429656.64479, 94136.46691, 26.490%
100, 0.16199, 751177962.76338, 2222561.08657, 24.675%
