File: ../datasets/SR_div.txt
N_vars: 1 N_gens: 50 Pop_size: 500 XP: 0.6 MP: 0.2 TS: 20 MAX_D: 6 MIN_D: 3
[GEN], [BEST_FIT], [WORST_FIT], [AVG_FIT], [% BETTER CHILDREN]
1, 9.64925, 1051437506.87474, 3447635.01888, 0.000%
2, 9.64925, 308383740602.66278, 629415385.65675, 34.091%
3, 8.58060, 7962884.28459, 37898.17848, 23.006%
4, 7.76312, 44519344141.02021, 90730553.95057, 12.838%
5, 7.05415, 38802459.12414, 141080.02582, 15.541%
6, 6.98326, 170036775.57266, 861675.05838, 17.466%
7, 5.23640, 1438696356.15167, 5110752.31348, 14.474%
8, 4.59195, 1158629384.30509, 3952196.73716, 15.411%
9, 2.69815, 3783693979.08786, 7609731.07209, 13.725%
10, 2.23781, 1151751827.21685, 3582792.62977, 19.136%
11, 1.37666, 10350977473.28567, 21763000.39134, 16.774%
12, 1.37666, 7047024187.09740, 26495675.95924, 12.081%
13, 1.37666, 11394648736.64818, 23178211.51910, 14.331%
14, 1.24314, 12964932342078.04297, 25972531445.41222, 19.000%
15, 1.24314, 2680882759.63594, 7123944.88371, 22.260%
16, 1.24314, 184910959.13297, 425755.86696, 18.800%
17, 1.18642, 217561854259.57462, 435366755.55767, 18.243%
18, 1.18642, 7525714129.50151, 17964544.28214, 21.795%
19, 1.18614, 7348617478402.03027, 14697613854.77229, 17.722%
20, 1.13706, 3437404130.97049, 7251462.15413, 17.333%
21, 1.13706, 270463829.72195, 1035008.40517, 21.769%
22, 1.13706, 8405155701.57663, 23187212.68032, 20.625%
23, 1.13706, 21226520.85296, 73951.20332, 22.603%
24, 1.13706, 32682626.40459, 94317.62473, 20.861%
25, 1.13706, 4810452155.88387, 10133261.27806, 30.132%
26, 1.13706, 343780591.17954, 838014.43335, 24.161%
27, 1.13706, 317475740432944704.00000, 634951502269873.62500, 28.000%
28, 1.13706, 156854335.49611, 474024.57905, 29.801%
29, 1.13706, 150523573170.31387, 303027611.23846, 21.233%
30, 0.76475, 939013557.52995, 2263926.80279, 29.032%
31, 0.76475, 675299267.75649, 1451413.71247, 16.038%
32, 0.76475, 247902524.16569, 823613.18238, 13.423%
33, 0.76475, 8042741246.16179, 18872313.46735, 20.000%
34, 0.76475, 15896781.45093, 58209.89542, 21.935%
35, 0.69833, 779032330.53380, 4326903.53677, 18.543%
36, 0.69833, 34311576251155.71094, 68625169615.68790, 30.420%
37, 0.68481, 1382697867.24606, 5081365.88773, 18.929%
38, 0.68481, 47618911.59999, 160645.18358, 20.062%
39, 0.68481, 581212342.73484, 2376332.37444, 25.153%
40, 0.68481, 10434446947.16950, 23091831.77956, 18.151%
41, 0.68481, 13187224099.90147, 26983466.72793, 18.456%
42, 0.68481, 64788763.00513, 279173.91781, 21.053%
43, 0.68481, 43647279.24395, 201611.76436, 24.638%
44, 0.68481, 194210780.91335, 1055298.00173, 28.425%
45, 0.68481, 239500343.31915, 638304.49549, 17.450%
46, 0.68481, 8493191126.11087, 17792521.05198, 24.324%
47, 0.68481, 260100313.80155, 565535.00066, 24.551%
48, 0.68481, 2264389336.52441, 5531099.05168, 22.388%
49, 0.68481, 1024731428.59303, 2261231.96687, 27.812%
50, 0.67858, 11998233.46393, 47435.77970, 24.172%
