File: ../datasets/SR_div.txt
N_vars: 1 N_gens: 50 Pop_size: 500 XP: 0.6 MP: 0.1 TS: 30 MAX_D: 6 MIN_D: 3
[GEN], [BEST_FIT], [WORST_FIT], [AVG_FIT], [% BETTER CHILDREN]
1, 11.76342, 3783994424.00002, 13745418.55861, 0.000%
2, 10.24705, 37061598308689.80469, 74123543054.32945, 33.214%
3, 8.56502, 3385712817.86226, 18136611.50695, 30.723%
4, 8.09793, 19579242799852.75391, 40581508008.93841, 16.216%
5, 8.09793, 44807416225.63913, 91673627.05602, 28.966%
6, 7.89485, 1709522955.23129, 3968384.55821, 24.224%
7, 7.84730, 4529745910.40127, 10102175.89785, 22.667%
8, 7.82313, 38060763356.76646, 76391771.55461, 24.150%
9, 7.81034, 408990320.34832, 1103884.99710, 20.890%
10, 7.81011, 165366971.77949, 479029.53967, 13.758%
11, 7.81011, 241376114.20836, 695386.02908, 21.019%
12, 7.81000, 1013189431.75426, 2400841.66930, 25.746%
13, 7.81000, 2474333134.57045, 6073714.51389, 30.986%
14, 7.81000, 4242200842.03916, 8534205.94180, 38.333%
15, 7.80989, 110057305.75739, 324000.45459, 26.027%
16, 7.80989, 7544964.54263, 33159.47363, 20.513%
17, 7.80989, 1264227445.41038, 2742826.37099, 22.727%
18, 7.80989, 68182204201.83113, 137259091.87452, 22.069%
19, 7.80989, 12151329.63798, 66650.85002, 37.736%
20, 7.80989, 507122681453.21252, 1014403901.69239, 30.263%
21, 7.80989, 789499011.14668, 1704113.22683, 35.333%
22, 7.80989, 38173155.79523, 203486.36885, 32.432%
23, 7.80989, 125753598.26509, 559627.25963, 33.793%
24, 7.80989, 2341381537.68504, 4740728.97864, 27.211%
25, 7.80989, 805332859.90910, 1952696.42996, 33.557%
26, 7.80989, 21427228628.15355, 43155783.01998, 27.500%
27, 7.78485, 290054600.06656, 936826.39200, 35.714%
28, 7.75892, 1050342853.78845, 2247209.67862, 30.556%
29, 7.75892, 86994785893.05551, 176527432.73467, 22.756%
30, 7.62550, 1526607111.18770, 4157359.62763, 17.958%
31, 7.38609, 31428958591.16079, 71172039.15367, 20.645%
32, 6.86884, 4956456115.20949, 10118469.31985, 25.484%
33, 6.83546, 11768970308.84860, 25045763.02480, 23.333%
34, 6.83212, 640796234264176.87500, 1281689482103.64673, 33.642%
35, 6.81741, 1354668136277.36206, 2711458724.62975, 20.645%
36, 6.81741, 1839225988.45338, 4302431.33640, 18.790%
37, 6.81393, 14883693583.44178, 29910481.86749, 20.755%
38, 6.80419, 1486007899424.74121, 3005439895.76510, 15.972%
39, 6.78887, 2643926642.06606, 5481001.94946, 19.408%
40, 6.78887, 44673954907.06935, 90443699.25663, 19.281%
41, 6.76541, 70167384.35951, 168372.62949, 22.956%
42, 6.76541, 11955720302.70439, 24499385.29954, 23.592%
43, 6.76018, 11732191.73489, 70302.17604, 19.504%
44, 6.76000, 59784351.28361, 280742.89527, 32.192%
45, 6.75916, 4056356923.14357, 9209510.92684, 20.000%
46, 6.75916, 12101827.68375, 49281.39687, 25.926%
47, 6.74763, 218513785.42863, 583636.41628, 22.848%
48, 6.74763, 732549286597.15979, 1481066735.78092, 23.203%
49, 6.74763, 234020711437.37302, 468594826.68377, 28.947%
50, 6.73586, 44001016.90688, 236642.94712, 23.026%
