File: ../datasets/SR_div.txt
N_vars: 1 N_gens: 100 Pop_size: 350 XP: 0.3 MP: 0.1 TS: 20 MAX_D: 7 MIN_D: 3
[GEN], [BEST_FIT], [WORST_FIT], [AVG_FIT], [% BETTER CHILDREN]
1, 7.98118, 119907594535.81793, 369564831.33360, 0.000%
2, 7.98118, 11979294694887.51562, 73150389719.68221, 45.192%
3, 7.98118, 5930811117566.50781, 17001911947.30703, 34.545%
4, 6.71467, 59785500767.73004, 272693698.74128, 28.409%
5, 6.71467, 1703484265891424894976.00000, 4867097903181918208.00000, 25.000%
6, 6.54537, 3779507080338.02344, 10910347268.39655, 19.149%
7, 6.49820, 3683373941152836608.00000, 10523934331404122.00000, 21.277%
8, 6.49820, 93787817187.86115, 601896714.44089, 14.815%
9, 6.49820, 977143483041.54749, 2835302382.47693, 17.544%
10, 6.49820, 722730949686410.00000, 2064974965021.35889, 20.238%
11, 6.49820, 7094355617.16475, 55971846.16492, 3.774%
12, 6.49820, 5209978488192.87500, 16859767945.02783, 22.807%
13, 6.49440, 7336489863585.52246, 23103050048.04020, 15.741%
14, 6.49440, 939973107220298.87500, 2697639545731.00146, 29.245%
15, 6.49440, 1061370997794.68396, 3778125326.16992, 14.286%
16, 6.49440, 1002126456.49508, 4732722.86990, 11.538%
17, 6.49440, 364845688.55646, 2656561.66995, 20.408%
18, 6.47551, 2479519090187.95410, 7093492533.63383, 21.094%
19, 6.47551, 314917437.63099, 3634703.30783, 34.314%
20, 6.47551, 1290410248858.28027, 5030428049.24632, 23.529%
21, 6.47551, 239311006773.91101, 729705335.77518, 21.277%
22, 6.47551, 4074725575.33253, 26935689.52582, 16.000%
23, 6.46212, 111868294737.48618, 326156537.29764, 17.647%
24, 6.46212, 942210221.54981, 4328424.87293, 26.667%
25, 6.45015, 2930487812396556.00000, 8374546001005.96191, 16.667%
26, 6.46212, 21193032230961.21484, 60661418228.47424, 18.627%
27, 6.46212, 5063186191129857.00000, 14502803728924.37500, 30.328%
28, 6.46212, 1977594127352.59790, 8650802591.88937, 26.667%
29, 6.46212, 1147338032.87655, 3786029.81696, 25.806%
30, 6.46212, 2902078174494396.00000, 8291748971563.79102, 25.000%
31, 1.71249, 11547339052.01968, 35441615.94481, 22.222%
32, 1.71249, 101617731065042.51562, 374394441256.91406, 17.273%
33, 1.60827, 21644829212889.66406, 62028375318.92683, 31.897%
34, 1.60165, 543840405935936.75000, 1556164576885.04517, 27.193%
35, 1.60827, 112962134753227.90625, 322877756332.03485, 24.444%
36, 1.60827, 268821028601.68613, 924959962.93844, 26.596%
37, 1.60765, 70888755185.12622, 204967971.00428, 21.552%
38, 1.60765, 52819861151.03696, 211414330.64218, 27.000%
39, 1.60101, 18337716462331.55469, 54123413639.22388, 22.000%
40, 1.59812, 941023177986.05493, 5482400852.70173, 20.588%
41, 1.59482, 8567831734.85620, 41550677.93655, 25.000%
42, 1.59093, 4750066181748.95898, 13699720572.33871, 22.000%
43, 1.58624, 330228348966495846400.00000, 943509571217725696.00000, 18.750%
44, 1.11221, 35998911123524584.00000, 102897297009841.37500, 17.778%
45, 1.09752, 686390501778.52844, 2708243223.28073, 20.652%
46, 0.96734, 1404312015.74433, 9272296.24314, 29.091%
47, 0.73455, 44477166924684.24219, 127312951555.03371, 27.083%
48, 0.73455, 18480975541874311168.00000, 52802846167055216.00000, 27.119%
49, 0.73455, 10014360041.64484, 40714989.60260, 15.686%
50, 0.73455, 116733302341443296.00000, 333523836019894.06250, 14.583%
51, 0.73069, 1221194777666.04395, 6154621419.25398, 28.431%
52, 0.73069, 806905695170.52295, 3642408419.87699, 14.773%
53, 0.69809, 1518996305428.45239, 4949159050.41807, 17.241%
54, 0.69809, 200894669068.05661, 578110179.15591, 22.656%
55, 0.69809, 15002283931.46463, 84582950.60539, 11.111%
56, 0.69809, 24856174474.92535, 171202532.42375, 20.536%
57, 0.69809, 20703166522813.64453, 60455695635.37657, 31.897%
58, 0.69809, 9297972464766056.00000, 26715761830646.33594, 43.396%
59, 0.69809, 5106295642420.37695, 14883332349.29988, 19.149%
60, 0.66056, 1373547110164.65405, 7219746225.62754, 27.778%
61, 0.66056, 1354347601878.22754, 3873348930.30557, 21.569%
62, 0.66056, 1320046888151.51294, 4023680557.98761, 18.269%
63, 0.66052, 126464478395.61404, 420878904.62715, 23.276%
64, 0.64021, 280404150045339123712.00000, 801154725266281856.00000, 22.727%
65, 0.64021, 75176460061873.59375, 214962109554.61700, 14.706%
66, 0.64021, 18686627077.03314, 79420310.40934, 16.964%
67, 0.64021, 1191324185164064.25000, 3458841629813.63916, 18.103%
68, 0.64021, 6774255695722.83496, 26435619799.36220, 12.245%
69, 0.64021, 1046760884434.21777, 3017273732.96147, 39.773%
70, 0.64021, 1620098812468.80884, 4643571696.22787, 26.415%
71, 0.63559, 871768475678348416.00000, 2491232749231999.50000, 17.925%
72, 0.64021, 366385737264134.06250, 1048317664704.38623, 26.087%
73, 0.63559, 414131926561528.12500, 1183273453850.64380, 31.897%
74, 0.63559, 35843502136458.67188, 102512307167.39072, 28.261%
75, 0.63176, 6396803253769.24023, 30662059522.45370, 12.500%
76, 0.63176, 14392117433135.76953, 48255680630.43982, 26.056%
77, 0.63176, 223275980073711.46875, 637934876325.46741, 22.131%
78, 0.63176, 22615889097682.57422, 64726415166.51423, 18.644%
79, 0.63176, 28857900764058.58203, 82454067145.27548, 15.254%
80, 0.62782, 20052363648.71575, 98521862.83726, 19.767%
81, 0.62782, 2132782308180.84009, 6653952214.55895, 29.348%
82, 0.62782, 988706459618740.50000, 2985523384830.40234, 30.000%
83, 0.62782, 192652722479.51755, 594877553.90954, 20.192%
84, 0.62463, 134344094321.53404, 651398172.94725, 21.591%
85, 0.62463, 22988190566.99844, 165804178.07810, 25.455%
86, 0.62463, 1039205125576.95947, 4581381947.88384, 16.279%
87, 0.62463, 2798881695149680.00000, 7996846930703.92285, 18.966%
88, 0.62463, 242314584956055.68750, 696134758085.89221, 16.327%
89, 0.62463, 1274150154916.67700, 7246826673.98187, 33.333%
90, 0.62463, 2335007276295.39941, 6726901214.20928, 17.500%
91, 0.62463, 11755106722.22581, 51337698.03980, 23.469%
92, 0.62463, 99667664689.96437, 358424219.97214, 25.000%
93, 0.62463, 835619755385.36072, 2624311622.34057, 23.529%
94, 0.62463, 8225492650.24228, 50190906.37514, 23.077%
95, 0.62463, 896955200928288256.00000, 5895509014117309.00000, 28.889%
96, 0.62463, 32693220555426.02734, 105874167848.29457, 19.231%
97, 0.62463, 29010261641.84937, 92018324.90534, 21.429%
98, 0.62463, 9722890926011.90234, 33153461951.39384, 19.512%
99, 0.62463, 12615603216198674432.00000, 36044580620002728.00000, 25.472%
100, 0.62463, 748271273.51408, 6353556.65816, 24.528%
