File: ../datasets/SR_div.txt
N_vars: 1 N_gens: 100 Pop_size: 100 XP: 0.6 MP: 0.1 TS: 30 MAX_D: 6 MIN_D: 3
[GEN], [BEST_FIT], [WORST_FIT], [AVG_FIT], [% BETTER CHILDREN]
1, 11.74637, 14581554.61634, 192480.15096, 0.000%
2, 4.23681, 1238160.73157, 34489.85115, 27.586%
3, 2.64538, 368412.96753, 4862.46114, 20.312%
4, 2.30738, 21406890954.47569, 230210796.91167, 28.333%
5, 2.30738, 29988.24832, 674.97323, 22.581%
6, 2.03100, 1590199.12311, 16403.10323, 38.235%
7, 2.03100, 180390.53356, 3489.31368, 21.875%
8, 2.03100, 29527450.99004, 299498.09935, 30.645%
9, 1.46185, 104458.97030, 3035.03458, 45.161%
10, 1.46185, 429550.63987, 6157.96022, 22.414%
11, 1.46185, 2657584.56703, 45498.60367, 37.500%
12, 1.07921, 21146050.71397, 237550.13173, 48.333%
13, 1.07921, 6676266.81890, 93610.57120, 37.931%
14, 1.07921, 6332080585.74380, 63331812.09143, 25.862%
15, 0.69347, 1463935.78287, 17228.62949, 31.667%
16, 0.69347, 7974752.86157, 84227.44372, 30.000%
17, 0.69347, 1710321.41779, 37788.70539, 38.000%
18, 0.45702, 356760812315.38727, 3569613121.47140, 20.968%
19, 0.45702, 159010723.65775, 1591546.18163, 32.857%
20, 0.45702, 53499179.72213, 569991.12398, 34.000%
21, 0.45702, 462227391.32464, 4626092.31322, 24.074%
22, 0.45702, 7210321.78439, 81773.84212, 31.250%
23, 0.39059, 123993.31796, 2741.25902, 39.706%
24, 0.39059, 109847139.53763, 1161083.14370, 23.077%
25, 0.39059, 287156688.28472, 4266430.23937, 31.481%
26, 0.39059, 1133513.28969, 15918.52988, 41.071%
27, 0.39059, 177285853.28363, 2707933.95340, 46.000%
28, 0.39059, 16226341.60309, 212463.53130, 45.455%
29, 0.39059, 43955262.84501, 731371.67621, 36.000%
30, 0.39059, 179557.31506, 3579.70960, 40.000%
31, 0.39059, 4488866.65084, 47445.65358, 40.323%
32, 0.39059, 960155.13649, 12067.71052, 51.389%
33, 0.39059, 1295811.24784, 28521.05642, 43.750%
34, 0.39059, 18742154.51816, 211402.12216, 39.655%
35, 0.39059, 254899.69491, 4395.87163, 31.481%
36, 0.39059, 6470520.64452, 72939.70019, 38.710%
37, 0.39059, 115324.18104, 2243.37095, 48.649%
38, 0.39059, 7546432012.69722, 75468961.69337, 32.692%
39, 0.39059, 674207.89508, 7696.99696, 47.143%
40, 0.39059, 544711970.58844, 5463545.02148, 51.562%
41, 0.39059, 6579448.01928, 68235.38949, 43.478%
42, 0.39059, 4507612.18370, 75012.37071, 33.333%
43, 0.39059, 9240420.97790, 97573.21114, 50.000%
44, 0.39059, 245899608.54436, 2461947.73480, 20.312%
45, 0.39059, 3846354.97889, 46595.60730, 48.387%
46, 0.39059, 15173087.94092, 194468.43985, 56.250%
47, 0.39059, 5467944.98870, 57318.92914, 43.103%
48, 0.39059, 2345357286.46916, 23590115.19834, 40.323%
49, 0.39059, 252560119.75380, 2545580.54572, 35.938%
50, 0.39059, 10352291138.64089, 103567562.71171, 36.000%
51, 0.39059, 261915774.27651, 2629357.09336, 21.429%
52, 0.39059, 112428.80383, 2726.98367, 33.333%
53, 0.39059, 1094506069.56059, 11013665.99492, 50.000%
54, 0.39059, 246156.94957, 3219.22010, 27.941%
55, 0.39059, 482604617.70382, 4863682.70415, 15.625%
56, 0.39059, 15058435.97346, 205737.31255, 34.286%
57, 0.39059, 267685.46902, 4499.87780, 48.571%
58, 0.39059, 82080360.49945, 836367.07424, 36.538%
59, 0.39059, 27252.91804, 1545.05671, 42.857%
60, 0.39059, 933142710.65371, 12947321.67126, 35.484%
61, 0.39059, 1269010102.58003, 16591058.54864, 45.161%
62, 0.39059, 260125500.23008, 2602887.47771, 46.296%
63, 0.39059, 4369697.53090, 69850.37430, 45.161%
64, 0.39059, 957002.91097, 17013.04457, 36.000%
65, 0.39059, 24750868.88916, 415275.27419, 37.500%
66, 0.39059, 10938987.64378, 126982.40703, 40.625%
67, 0.39059, 1404952.70010, 26528.79427, 41.935%
68, 0.39059, 4577701.41518, 78838.49050, 32.812%
69, 0.39059, 20372345.64285, 331611.27311, 51.724%
70, 0.39059, 964137.70425, 11199.35078, 46.667%
71, 0.39059, 699593.62179, 7552.49472, 51.515%
72, 0.39059, 1810710.29013, 31047.86183, 40.000%
73, 0.39059, 267423.64093, 8867.53905, 31.034%
74, 0.39059, 40632055.52869, 503729.82444, 31.429%
75, 0.39059, 315859.48851, 5720.95949, 46.875%
76, 0.39059, 16433082.27320, 276414.95921, 53.125%
77, 0.39059, 280161.09752, 3768.72236, 40.625%
78, 0.39059, 3600525662.15664, 36468898.55317, 44.643%
79, 0.11252, 1481715.01771, 17104.52752, 30.000%
80, 0.11252, 18814918.24098, 207607.40754, 51.786%
81, 0.11252, 115716193.42680, 1437573.68001, 37.500%
82, 0.11252, 79790883.60010, 798567.04480, 45.714%
83, 0.11252, 603402.04351, 9725.44189, 45.455%
84, 0.11252, 10207966.04085, 174286.60605, 46.429%
85, 0.11252, 3217920196.75785, 32209008.25315, 54.286%
86, 0.11252, 10161403.07042, 194001.63201, 50.000%
87, 0.11252, 816997.15985, 17953.53989, 37.931%
88, 0.11252, 824983.83484, 8459.60875, 33.333%
89, 0.11252, 187581810.04869, 1909882.11705, 31.034%
90, 0.11252, 1908204981.03632, 22108847.52333, 53.571%
91, 0.11252, 5075484.26218, 60939.53482, 43.750%
92, 0.11252, 181109974.36540, 1882830.80804, 48.276%
93, 0.11252, 48911462.49709, 541217.14279, 36.667%
94, 0.11252, 691770761.65982, 7031232.55330, 55.172%
95, 0.11252, 2087739.86186, 23771.14609, 33.333%
96, 0.11252, 757796.24868, 19423.80103, 38.710%
97, 0.11252, 7493909.26064, 87676.50712, 31.818%
98, 0.11252, 3344890.57685, 35153.43629, 40.625%
99, 0.11252, 147026926.07031, 1477004.63427, 38.710%
100, 0.11252, 338253.05905, 9870.88546, 37.037%
