File: ../datasets/SR_div.txt
N_vars: 1 N_gens: 100 Pop_size: 350 XP: 0.3 MP: 0.1 TS: 20 MAX_D: 7 MIN_D: 3
[GEN], [BEST_FIT], [WORST_FIT], [AVG_FIT], [% BETTER CHILDREN]
1, 12.15375, 245609681129.91318, 914154918.45242, 0.000%
2, 8.75113, 4776106992327.91895, 13873352912.51745, 31.522%
3, 5.78375, 71888939830845568.00000, 205400490647997.06250, 30.702%
4, 5.78375, 33643819475312.21875, 99213305875.60234, 35.577%
5, 5.78375, 20530018421146.91406, 58730296888.92233, 27.273%
6, 5.17922, 944603137823298816.00000, 2698866231510983.50000, 31.538%
7, 4.70128, 8019170873658.98926, 22956892723.76851, 52.000%
8, 3.92840, 375177521133.20801, 1241904090.02891, 26.230%
9, 3.65171, 51008378346093.16406, 151745038206.07864, 32.759%
10, 3.65171, 2294465302.17974, 10180444.42211, 36.111%
11, 3.65171, 26489559412244.42969, 75721512566.18910, 22.917%
12, 3.65171, 29087190133.77609, 96411971.27251, 27.000%
13, 3.32047, 1789873118437036.00000, 5115176904690.60059, 18.103%
14, 3.32047, 12638514351009.93555, 36774482819.41145, 24.038%
15, 3.32047, 2695181609365041.50000, 7849221783515.18750, 27.885%
16, 3.32047, 229800690022808.71875, 656709758923.12549, 33.036%
17, 3.32047, 12997288828387.63867, 38795706479.85946, 30.556%
18, 3.32047, 2628410077665.58008, 7557297431.96540, 47.170%
19, 3.32047, 376596468742131072.00000, 1075990155561686.12500, 33.962%
20, 3.32047, 191623942333.80185, 1096400892.39977, 38.462%
21, 3.32047, 22102890854276.83594, 63569911700.53397, 21.154%
22, 3.32047, 739376681783.52307, 2526450835.58683, 38.095%
23, 3.32047, 10704649964.71265, 46365587.60071, 36.842%
24, 3.32047, 100005199230.20261, 350235264.12635, 40.426%
25, 3.32047, 2321990788356.07373, 11910436417.00493, 30.435%
26, 3.32047, 89343255748.38402, 298056972.80831, 26.562%
27, 3.32047, 7213323071972529152.00000, 20609495935264908.00000, 40.000%
28, 3.32047, 3432671196183.05078, 17713490030.27427, 36.735%
29, 3.32047, 126035051892463.26562, 360258591667.15094, 35.385%
30, 3.32047, 2259457631872.60791, 6542724999.54100, 21.429%
31, 3.32047, 5408482128452056.00000, 15482788192875.78516, 29.508%
32, 3.32047, 4414481561.26574, 34450579.34432, 35.870%
33, 3.32047, 32253983630.04958, 143125984.97876, 22.581%
34, 3.32047, 555960886941580352.00000, 1588460135923466.50000, 24.590%
35, 3.32047, 92132019100.50331, 300337658.22743, 41.818%
36, 3.32047, 622971827947772.62500, 2412833754526.79590, 32.653%
37, 3.32047, 21870044412.77013, 69836628.66891, 30.909%
38, 3.32047, 1690016217873.84351, 5273123049.92530, 30.172%
39, 3.32047, 21435582801730.85547, 61419226079.67035, 32.692%
40, 3.32047, 4021662198.78894, 25219350.80233, 32.787%
41, 3.32047, 417950329307.16162, 1260997822.04377, 30.909%
42, 3.32047, 3047107170081.09326, 9727881960.70735, 35.088%
43, 3.32047, 2443577255274.52686, 8393217206.68142, 20.833%
44, 3.32047, 15126567904792052.00000, 47729446620802.62500, 23.913%
45, 3.32047, 1415230370337.81348, 4172400588.51507, 23.404%
46, 3.32047, 1222387193401604.25000, 3496091009275.10352, 30.435%
47, 3.32047, 102777119552167.40625, 294041489094.88141, 30.000%
48, 3.32047, 827919235825599.12500, 2367944025900.62158, 28.000%
49, 3.32047, 2177505109992.30298, 6616274695.08407, 35.385%
50, 3.32047, 472760742077.66339, 1671734658.74857, 38.889%
51, 3.32047, 165055057649686083010560.00000, 471585944718044037120.00000, 28.571%
52, 3.32047, 202921622979375232.00000, 762985892744598.25000, 40.625%
53, 3.32047, 103479821629.76599, 568284443.25349, 25.000%
54, 3.32047, 177329540979.05161, 535214636.63960, 39.286%
55, 3.32047, 35759725801037.41406, 159620142774.27789, 30.189%
56, 3.32047, 24017423267.45210, 203464081.70830, 20.536%
57, 3.32047, 13068507527.09358, 60944855.41082, 35.294%
58, 3.32047, 951546237472.71826, 3550396881.26404, 31.667%
59, 3.32047, 1581793665323.69946, 4701236817.07199, 39.583%
60, 3.32047, 10054316627.87629, 32653131.36286, 33.333%
61, 3.32047, 12582324403199.76367, 63254309986.73869, 40.984%
62, 3.32047, 31154823454617.75391, 89339371151.59854, 32.609%
63, 3.11123, 511639824196.20691, 1701196788.31038, 30.682%
64, 3.11123, 4036318834623.96680, 11672290481.29891, 43.617%
65, 3.11123, 294623202991.48126, 1339879629.81784, 35.000%
66, 2.99788, 218769060474772.15625, 625574337116.09827, 18.333%
67, 2.99788, 15165106070.09499, 127514230.67001, 32.558%
68, 2.99788, 131243450015610230659874816.00000, 374981285758889902473216.00000, 29.412%
69, 2.83428, 25846700040.04000, 77744417.29107, 19.792%
70, 2.83428, 12443757609404500.00000, 35553641650122.26562, 20.652%
71, 2.50250, 905695637382807.25000, 2591754818952.11572, 28.814%
72, 2.50250, 59023738014.07849, 175053472.94112, 24.194%
73, 2.50250, 919642676968.27148, 2746590985.93534, 25.000%
74, 2.50250, 87020137745.38773, 260475505.03963, 15.957%
75, 1.76070, 3854486885281691648.00000, 11012824471953716.00000, 21.698%
76, 1.50997, 120375096077.16562, 531522817.99846, 31.132%
77, 1.50997, 17835523009150.37891, 53313670724.25375, 21.569%
78, 1.46200, 195433648975.62500, 679871608.24843, 20.000%
79, 1.42299, 5774103100.82116, 23354245.10409, 22.449%
80, 1.42299, 247693448726.23550, 724378064.34339, 16.667%
81, 1.37436, 672171095365.40002, 1958612263.08998, 19.492%
82, 1.30876, 87120013690618.15625, 249434552432.30374, 18.548%
83, 1.25605, 6548908914006941696.00000, 18711171069629632.00000, 15.094%
84, 1.21378, 7282471795737.76758, 21325636567.12920, 24.167%
85, 1.21378, 8945383053229.50586, 46414495862.06100, 12.727%
86, 1.21378, 3344612476990.63721, 20755073417.79019, 14.000%
87, 1.21378, 430910926943.12646, 1233829161.00447, 16.071%
88, 1.20809, 804714561700.09216, 2326095112.81618, 16.102%
89, 1.20809, 1767544707501.11597, 10228396738.76078, 12.727%
90, 1.20809, 2230724444213.68848, 6492282301.93422, 17.544%
91, 1.20809, 259903769772.64407, 1088334012.82104, 21.277%
92, 1.20768, 7971307372.84748, 37947432.41729, 24.074%
93, 1.20399, 3511296028191.59326, 11419442329.17691, 9.574%
94, 1.19753, 78970119639.28529, 288266089.06312, 17.241%
95, 1.19753, 390896541709248.43750, 1117435768490.58398, 14.286%
96, 1.19533, 515324057348721088.00000, 1472377597416962.25000, 18.657%
97, 1.19533, 5981084758526.91211, 17090844552.47344, 17.857%
98, 1.19533, 202054989027.45432, 644651656.74595, 17.000%
99, 1.19278, 10332089848425.18945, 29737045653.90843, 23.077%
100, 1.19278, 497035832497716.06250, 1465794988910.26025, 11.364%
