File: ../datasets/SR_div.txt
N_vars: 1 N_gens: 50 Pop_size: 500 XP: 0.6 MP: 0.1 TS: 20 MAX_D: 6 MIN_D: 3
[GEN], [BEST_FIT], [WORST_FIT], [AVG_FIT], [% BETTER CHILDREN]
1, 9.51654, 7687452965903647.00000, 15374983555818.95117, 0.000%
2, 9.28289, 45706561.57873, 122770.74133, 35.535%
3, 8.35842, 983398366.66888, 2077221.72347, 28.082%
4, 7.81668, 6144348.58083, 283425.52038, 26.296%
5, 5.00198, 191124288.48436, 412563.15190, 31.507%
6, 4.51368, 13665771742.84547, 33416290.15965, 28.966%
7, 2.90429, 24902766643254.71875, 49806158127.75367, 22.013%
8, 1.02210, 87839169.39139, 418240.01362, 23.333%
9, 0.94659, 3885932105.06900, 7888741.60338, 22.183%
10, 0.59798, 1452021243.99397, 3257086.70575, 15.924%
11, 0.37424, 258215766.67064, 721200.81439, 20.000%
12, 0.37424, 9120228023.01352, 18567758.21259, 23.826%
13, 0.37424, 3821551456.69501, 9458848.71427, 19.481%
14, 0.37424, 3881787934.28646, 7859795.25834, 25.641%
15, 0.25225, 855176463.49199, 3510250.20705, 24.150%
16, 0.21856, 2597957255.01958, 6013446.69149, 26.159%
17, 0.21856, 25388195348.94276, 78006934.64362, 14.667%
18, 0.21856, 855854842792.08386, 1719215825.45040, 14.839%
19, 0.21856, 1102963501.57775, 2555005.35884, 17.881%
20, 0.21856, 157778243.82950, 408360.41983, 23.841%
21, 0.21856, 43775882.70429, 194335.06409, 21.898%
22, 0.21856, 90338029022.40616, 181011218.48549, 26.846%
23, 0.21856, 26601145436.96263, 55833234.17663, 25.000%
24, 0.20572, 20870865345.92333, 61168348.36791, 32.680%
25, 0.20572, 10604913919.09873, 21318211.34691, 26.875%
26, 0.20572, 131192319.39595, 297344.63835, 19.281%
27, 0.20572, 603955840513.42578, 1207946336.72019, 17.905%
28, 0.20572, 89417777558.84586, 189433956.77111, 26.531%
29, 0.20572, 9893307.51999, 50600.93933, 25.466%
30, 0.20572, 158028182.08814, 783515.33593, 23.810%
31, 0.20572, 3030228514.49312, 9105259.83117, 25.161%
32, 0.20572, 94263826094.01459, 188614465.38528, 24.051%
33, 0.20572, 119156424.09778, 474370.99399, 24.837%
34, 0.20572, 20470101712.81558, 46741772.19939, 26.174%
35, 0.20572, 1985081518695.36792, 3970628689.82788, 26.897%
36, 0.20572, 46034055.40767, 236473.16638, 23.404%
37, 0.20572, 11820092968.70269, 24502320.13127, 25.828%
38, 0.20572, 48941639456.04102, 98983629.56457, 24.183%
39, 0.20572, 1515376238.79299, 3356556.91920, 16.438%
40, 0.20572, 3887391853.28431, 8202890.37809, 19.136%
41, 0.20572, 11449790907.52829, 23402885.68919, 22.727%
42, 0.20572, 3335643110.69094, 8192061.77780, 31.250%
43, 0.20572, 92575609.89920, 420050.86223, 25.828%
44, 0.20572, 322207092.32313, 917555.81716, 19.231%
45, 0.20572, 3146429639.24054, 12505169.80394, 24.476%
46, 0.20572, 136728357.72616, 348517.67582, 17.219%
47, 0.20572, 20825945780351.87500, 41802536853.24066, 20.714%
48, 0.20572, 10962196510335.87695, 21925854027.00204, 23.684%
49, 0.20572, 539201591.87203, 1508933.86172, 21.379%
50, 0.20572, 1115671084.61407, 3257160.69948, 29.197%
