File: ../datasets/SR_div.txt
N_vars: 1 N_gens: 100 Pop_size: 100 XP: 0.6 MP: 0.2 TS: 30 MAX_D: 6 MIN_D: 3
[GEN], [BEST_FIT], [WORST_FIT], [AVG_FIT], [% BETTER CHILDREN]
1, 18.77477, 1784966.21631, 42839.57943, 0.000%
2, 15.74078, 1341603.17691, 18148.71043, 36.765%
3, 10.56032, 84538900.83066, 1011826.25660, 39.583%
4, 10.08459, 2896633283.97606, 29966981.08780, 23.333%
5, 8.22589, 3652187.23445, 75950.22492, 27.586%
6, 8.01717, 239969.93043, 4299.77668, 21.212%
7, 8.01717, 41650149.05234, 459412.50254, 27.027%
8, 8.01717, 3051616.44442, 44665.33050, 51.852%
9, 5.65006, 494862.66733, 5612.20943, 50.000%
10, 5.13766, 759039.27914, 14268.21321, 34.286%
11, 5.13766, 695221991.39102, 6993613.42358, 30.000%
12, 4.81133, 2961057.49360, 87593.72654, 32.258%
13, 4.81133, 2844395119563.39258, 28443973005.20593, 31.667%
14, 4.04695, 87422356517044720.00000, 874223565182154.50000, 29.310%
15, 4.04695, 135728204.88749, 1409862.59455, 29.310%
16, 3.59824, 74401.14688, 1455.82088, 34.615%
17, 3.59824, 26200591.20116, 309839.28443, 38.889%
18, 3.59824, 24577257.98066, 294994.24932, 38.000%
19, 3.39176, 37767584.16177, 384239.02313, 19.118%
20, 3.08418, 836236.50580, 18542.90895, 25.000%
21, 3.08418, 227921638.71185, 3705717.90277, 20.690%
22, 2.61019, 480968.24152, 8685.22649, 44.872%
23, 2.61019, 6661445.98151, 73325.12522, 51.724%
24, 2.61019, 1643810.01952, 21830.75769, 35.714%
25, 2.61019, 266518.25408, 3275.14594, 32.143%
26, 2.61019, 2423275.24265, 44245.10057, 19.231%
27, 2.61019, 58155372.70457, 590586.95982, 24.242%
28, 2.23284, 1383720754.54582, 13915861.33112, 28.571%
29, 2.23284, 26462945.22854, 265091.20011, 25.714%
30, 2.23284, 1926988454.48806, 32376280.32756, 30.000%
31, 2.23284, 104242070.72253, 1112752.05847, 41.935%
32, 2.23284, 41072.26015, 915.88755, 39.394%
33, 2.23284, 340378046.24802, 3460039.75028, 55.556%
34, 2.23284, 3477762.54498, 35477.01325, 37.931%
35, 2.23284, 38892742.69920, 424057.49154, 33.333%
36, 2.23284, 22318383.94018, 373580.76422, 59.259%
37, 2.23284, 24688139.51670, 349116.09841, 33.333%
38, 2.23284, 866346.03202, 13669.98796, 40.625%
39, 2.23284, 70006.86456, 1570.86631, 38.889%
40, 2.23284, 3267520691.47946, 32749806.90678, 30.769%
41, 2.23284, 4956451.30781, 109038.82509, 32.000%
42, 2.23284, 9645830.65468, 100709.70792, 23.529%
43, 2.23284, 1392673743.86547, 13990059.87955, 39.286%
44, 2.01872, 20052738035.46809, 201502446.28727, 46.774%
45, 2.01872, 239702.86062, 4239.49014, 30.000%
46, 2.01872, 254587748374.24854, 2633037944.05690, 26.087%
47, 2.01872, 152764182.90010, 1796615.69245, 21.429%
48, 2.01872, 2267150.01677, 55486.62347, 27.586%
49, 2.01872, 11177574917.46022, 112158568.61623, 42.308%
50, 2.01872, 4748793488.99272, 48804543.04131, 38.889%
51, 2.01872, 36556.30011, 986.21469, 34.286%
52, 2.01452, 8069461.56762, 90659.75252, 28.788%
53, 2.01452, 171797.34665, 3815.79166, 26.923%
54, 2.01452, 55889.21396, 1837.69598, 25.000%
55, 2.01452, 2643734.62365, 30294.20592, 20.000%
56, 1.78789, 236418950.73566, 2389741.68196, 46.667%
57, 1.78789, 171609203.00059, 1841354.30874, 35.484%
58, 1.78789, 289610952.98944, 2899835.21268, 27.419%
59, 1.78789, 97944280.95729, 1039743.25722, 51.852%
60, 1.78789, 24447439.81602, 296681.58044, 36.667%
61, 1.78765, 5128135.19537, 90876.36516, 31.481%
62, 1.78765, 509443939.34393, 5140340.24280, 13.333%
63, 1.78765, 3038273.60604, 50444.26149, 34.000%
64, 1.78765, 2097778869.05982, 20983673.48706, 44.444%
65, 1.78765, 222858.57333, 4612.32266, 42.857%
66, 1.78739, 3124905.76378, 52893.85959, 23.333%
67, 1.78739, 1070999.70106, 15319.44683, 23.529%
68, 1.78739, 442983.43536, 9732.75659, 36.111%
69, 1.78739, 3229131.23836, 60492.44013, 42.424%
70, 1.78739, 19476837482.70614, 195357126.16690, 48.000%
71, 1.78739, 1740417.88234, 25201.32744, 39.474%
72, 1.78739, 416951809.92096, 4183200.28346, 27.586%
73, 1.78739, 3972455.61440, 42021.14146, 43.333%
74, 1.78739, 325422531.93260, 5207298.62476, 29.032%
75, 1.78739, 59703148712.59723, 598971575.51777, 37.500%
76, 1.78739, 37931466.51757, 456285.69916, 34.483%
77, 1.78739, 1708631.02276, 30524.55342, 34.375%
78, 1.78739, 754799.79121, 14640.09538, 38.462%
79, 1.78739, 53102283.55675, 533674.69336, 36.667%
80, 1.78739, 1884871.21657, 20150.12932, 41.667%
81, 1.78739, 17745343.47499, 193629.71413, 23.333%
82, 1.78739, 616513884.93554, 6205016.92539, 23.529%
83, 1.78739, 20182106856434.36328, 201821116608.87180, 43.333%
84, 1.78739, 19331418173.90087, 203089063.09323, 36.667%
85, 1.78739, 2949323.30193, 32247.50493, 24.242%
86, 1.78739, 3730453.46982, 58285.07195, 36.000%
87, 1.78739, 330653036387.26050, 3306536496.44397, 23.529%
88, 1.78739, 317634983.82212, 3178738.92903, 60.000%
89, 1.78739, 1892805.51762, 25091.92169, 43.750%
90, 1.61026, 359273.11027, 5811.55186, 44.000%
91, 1.56501, 3560855.92945, 217914.80214, 27.143%
92, 1.56501, 4243811092.38208, 46526609.71068, 15.152%
93, 1.56501, 20488.53762, 906.53501, 28.571%
94, 1.55254, 751290945.25986, 7533983.23010, 43.056%
95, 1.55254, 52490285.15043, 529401.73385, 21.667%
96, 1.55254, 2816310.13033, 49120.77111, 32.759%
97, 1.55254, 381079.14845, 12853.48016, 26.087%
98, 1.55254, 3431774.26101, 46159.21585, 17.241%
99, 1.55254, 4928905912.09439, 49318559.40877, 34.483%
100, 1.55183, 145294341559497.65625, 1452945260883.24780, 25.000%
