File: ../datasets/SR_div.txt
N_vars: 1 N_gens: 50 Pop_size: 500 XP: 0.6 MP: 0.1 TS: 20 MAX_D: 6 MIN_D: 2
[GEN], [BEST_FIT], [WORST_FIT], [AVG_FIT], [% BETTER CHILDREN]
1, 10.91572, 6280829071079413.00000, 12561665297894.24609, 0.000%
2, 7.83398, 3017737150.96579, 6257448.57140, 32.095%
3, 7.81338, 1472171557.75133, 4852228.57819, 23.653%
4, 7.81338, 322799177.04099, 662782.61629, 30.068%
5, 6.26989, 131364598634.89156, 263263816.63847, 23.510%
6, 6.26989, 136900069667.60593, 283927990.81670, 23.826%
7, 6.26989, 1235026427045.36108, 2886458880.70011, 27.027%
8, 6.26989, 39915444.34725, 231197.18379, 28.077%
9, 6.26989, 65428691304.22433, 131233913.87114, 37.908%
10, 6.26989, 21804833584.15432, 50051481.36207, 36.552%
11, 6.26989, 7634707.96564, 46659.63118, 32.414%
12, 6.26989, 9590405651.46699, 19576793.56605, 28.276%
13, 6.26989, 716223513.12646, 1624889.41556, 25.828%
14, 6.26989, 456606442634.45526, 1388749916.70816, 31.469%
15, 6.26989, 617622581.17359, 1579308.28791, 33.103%
16, 6.26989, 4551497377.56220, 18822086.65140, 28.571%
17, 6.26288, 193326192.27674, 958759.08579, 34.146%
18, 6.26288, 206787259.03501, 441094.42444, 32.770%
19, 6.26050, 2987740445.29368, 6446912.75129, 22.050%
20, 6.26050, 3798273548.40465, 7718181.03380, 18.919%
21, 6.26050, 46356843634.05432, 102551073.13181, 20.956%
22, 6.26050, 383091931.62605, 795280.23974, 27.244%
23, 6.26050, 1997508716.52094, 4573708.18602, 23.913%
24, 6.26050, 16225089.93279, 55481.79182, 29.730%
25, 6.26050, 10403093004927.73047, 20844507276.77808, 27.338%
26, 6.26050, 8448295090.15782, 17142482.74501, 29.677%
27, 6.26050, 151793543409.17337, 304293364.82642, 34.375%
28, 6.15029, 77365865594.35808, 156418514.29583, 24.183%
29, 3.52781, 169856982.44867, 478722.83808, 24.828%
30, 2.16672, 2551297659.05209, 6494415.63320, 20.497%
31, 1.98847, 6210105495.45239, 14070158.71841, 20.570%
32, 1.86007, 210819664448.04706, 425847163.84115, 20.186%
33, 1.86007, 144054018.24243, 388889.85749, 23.052%
34, 1.86007, 8858810774.59004, 29987574.77813, 20.270%
35, 1.82966, 66543641290.63424, 133648154.44224, 20.567%
36, 1.82966, 1001367022.97936, 2173266.73887, 27.241%
37, 1.76419, 179857662.67236, 437673.35412, 13.946%
38, 1.76419, 4014337519031.80518, 8029276953.36035, 16.554%
39, 1.76419, 9163056683718.99609, 18337816302.99080, 23.333%
40, 1.76419, 24792428.10818, 78339.41112, 18.750%
41, 1.76332, 6104583893.99966, 27734994.47748, 23.353%
42, 1.76332, 7210603281.67359, 16934865.71913, 20.833%
43, 1.56815, 180386676405502.09375, 360779992641.00537, 18.712%
44, 1.56815, 9199342977.66677, 18776399.69160, 16.443%
45, 1.56815, 51538493.73495, 116529.23044, 10.180%
46, 1.56815, 145003185801.37906, 290161223.84590, 17.905%
47, 1.56815, 79155335.92630, 194106.55926, 24.671%
48, 1.56815, 26651355.77314, 127822.05020, 36.328%
49, 1.55812, 22479058.23196, 87560.74668, 27.931%
50, 1.55681, 22093096.42537, 93168.45469, 22.932%
