File: ../datasets/yacht_hydrodynamics.txt
N_vars: 6 N_gens: 100 Pop_size: 350 XP: 0.7 MP: 0.2 TS: 10 MAX_D: 4 MIN_D: 3
[GEN], [BEST_FIT], [WORST_FIT], [AVG_FIT], [% BETTER CHILDREN]
1, 2101.69127, 13761504.51854, 126867.49139, 0.000%
2, 2090.54411, 396555.91646, 11476.75941, 29.386%
3, 2084.03663, 17409731.86772, 60341.96059, 28.992%
4, 2056.57222, 366484.90649, 6103.43389, 20.866%
5, 1815.85133, 570471.69268, 12170.66613, 22.609%
6, 914.01792, 456696.90524, 9111.25614, 24.790%
7, 914.01792, 5690161.39994, 23103.01695, 21.138%
8, 909.26690, 264981.22323, 9212.19814, 18.333%
9, 909.26690, 112100094.89953, 351386.56153, 17.917%
10, 856.74938, 399729.91283, 20188.03063, 16.270%
11, 701.63962, 668963.22139, 10048.85839, 22.581%
12, 637.60618, 989472.06072, 11590.68148, 16.129%
13, 637.60618, 4952659.58206, 25754.06126, 18.696%
14, 637.60618, 4396479.04181, 25862.39418, 17.063%
15, 637.60618, 342731.08351, 9368.49642, 19.318%
16, 637.60618, 4047482.39234, 29115.70309, 16.972%
17, 637.60618, 26197087.52241, 81808.31876, 14.050%
18, 637.60618, 286781.79731, 7608.24219, 24.790%
19, 637.60618, 871841.67335, 10510.83147, 23.077%
20, 637.60618, 30818856.51467, 119228.15873, 30.085%
21, 636.07780, 1636762.88032, 62133.13725, 25.188%
22, 636.07780, 11780155.62869, 43512.54250, 18.333%
23, 636.07780, 3468757.36346, 26688.46892, 24.390%
24, 633.31429, 1720058.04760, 12030.86270, 22.314%
25, 628.93003, 395242.52685, 8553.29752, 16.803%
26, 620.76122, 17576599.11064, 56245.62752, 21.138%
27, 620.76122, 746219.61410, 26708.24204, 22.015%
28, 620.76122, 3436339.56303, 25982.70204, 18.487%
29, 620.76122, 770327.46827, 11960.91204, 22.656%
30, 620.76122, 951155.98288, 8416.71587, 19.231%
31, 620.76122, 1645334.29921, 19771.14482, 25.000%
32, 620.76122, 419683.94984, 7567.66301, 20.000%
33, 620.76122, 503826.86047, 8471.90862, 25.746%
34, 620.76122, 202619.82262, 9985.10926, 27.083%
35, 620.76122, 567334.06292, 8153.98420, 24.427%
36, 613.71983, 3458480.17311, 26388.36029, 32.114%
37, 613.71983, 432209.69400, 11583.40546, 28.400%
38, 613.71983, 9716711.26953, 36371.31575, 21.053%
39, 613.23390, 2474802.14970, 13337.26388, 22.650%
40, 613.23390, 7677099.63026, 37924.71525, 15.164%
41, 613.23390, 1650114.90582, 14334.64634, 19.600%
42, 613.23390, 6381371.42483, 26006.03980, 20.661%
43, 613.23390, 725353.89153, 9491.58365, 19.600%
44, 613.23390, 8004949.34658, 34787.42012, 21.610%
45, 613.23390, 985117.10305, 8094.28082, 23.047%
46, 613.23390, 19330426.41577, 62753.39844, 25.000%
47, 613.23390, 3210030.07732, 16101.01903, 27.519%
48, 613.23390, 407795.93609, 8073.66191, 29.915%
49, 613.23390, 12779390.73474, 57188.36300, 19.512%
50, 613.23390, 739238.80068, 8572.44765, 34.454%
51, 613.23390, 1511721.69759, 8696.07525, 31.890%
52, 613.23390, 2692823.74807, 20229.65163, 26.613%
53, 613.23390, 192488.49793, 9055.64429, 22.566%
54, 613.23390, 1294833.34704, 14297.12563, 32.707%
55, 613.23390, 170133519.08115, 515496.27255, 19.658%
56, 613.23390, 833390.51031, 10959.50431, 27.273%
57, 613.23390, 288057.74453, 7044.50462, 30.000%
58, 613.23390, 2898806.39278, 14231.85767, 28.571%
59, 613.23390, 30094676.63690, 105559.93574, 28.182%
60, 613.23390, 8226119.15580, 39615.43353, 19.658%
61, 613.23390, 1103708.84262, 12438.76116, 21.488%
62, 613.23390, 43222729.99367, 147856.20518, 25.410%
63, 613.23390, 4639127.98632, 28791.19548, 30.315%
64, 613.23390, 330111.58667, 5361.47354, 27.344%
65, 613.23390, 294763.74795, 15100.73409, 27.419%
66, 613.23390, 1465308.27298, 9252.82707, 23.864%
67, 613.23390, 6537010.76960, 48318.12391, 37.719%
68, 613.23390, 9779625.04475, 35558.72813, 23.790%
69, 613.23390, 5998867.03455, 30165.04243, 20.833%
70, 613.23390, 756450.85668, 13649.62779, 18.644%
71, 613.23390, 11277971.66189, 48928.34080, 26.695%
72, 613.23390, 759024.79409, 6457.78925, 20.565%
73, 613.23390, 33637242.43436, 125085.73151, 28.226%
74, 613.23390, 34960588.09474, 108182.42766, 33.898%
75, 613.23390, 20463231.80650, 65127.07581, 22.768%
76, 613.23390, 776933.89413, 20326.62542, 24.206%
77, 613.23390, 6883087.65976, 25867.17208, 25.564%
78, 613.23390, 9309542.85769, 38036.27546, 26.613%
79, 613.23390, 257778.27853, 10285.12253, 27.049%
80, 613.23390, 977430.05896, 7858.92880, 23.387%
81, 613.23390, 1166172.43870, 11864.81659, 33.333%
82, 613.23390, 1421080.22057, 13186.41101, 28.195%
83, 613.23390, 28277902.95651, 113740.98889, 20.312%
84, 613.23390, 122757716.89402, 378107.36609, 27.731%
85, 613.23390, 1388531.29956, 39630.72857, 25.676%
86, 613.23390, 5781361.31726, 24731.78753, 26.515%
87, 613.23390, 455338.08364, 8369.33259, 28.455%
88, 613.23390, 589270.51815, 13029.51667, 24.180%
89, 613.23390, 2124506.32292, 15467.12175, 27.823%
90, 613.23390, 558308.28809, 8593.93695, 30.252%
91, 613.23390, 836007.61132, 9616.32694, 26.800%
92, 613.23390, 381406.98060, 12233.16898, 30.709%
93, 613.23390, 2768080.67914, 16092.80927, 25.214%
94, 613.23390, 20389390.09198, 66269.92058, 30.172%
95, 613.23390, 1468751.26103, 10227.66925, 24.561%
96, 613.23390, 732990.49862, 11095.80355, 34.400%
97, 613.23390, 681825.02902, 11211.51831, 22.523%
98, 613.07927, 267709.49501, 5083.71093, 27.778%
99, 613.07927, 1824915.35810, 15264.72972, 26.923%
100, 613.07927, 972769.99570, 8478.04790, 21.538%
