File: ../datasets/yacht_hydrodynamics.txt
N_vars: 6 N_gens: 100 Pop_size: 350 XP: 0.7 MP: 0.2 TS: 30 MAX_D: 3 MIN_D: 1
[GEN], [BEST_FIT], [WORST_FIT], [AVG_FIT], [% BETTER CHILDREN]
1, 2522.03646, 1167781.55536, 9426.14106, 0.000%
2, 2516.17813, 101866.34467, 4219.58700, 30.078%
3, 2050.76310, 1310724.90638, 13600.01252, 27.823%
4, 2050.76310, 52732.99085, 3932.42452, 25.620%
5, 1740.08511, 6956182.78367, 24004.78613, 22.314%
6, 1740.08511, 185399.04171, 4487.27238, 19.841%
7, 1740.08511, 79991.84367, 4468.21416, 31.667%
8, 1739.53988, 2557499.39061, 10278.11479, 52.652%
9, 1739.53988, 36307.54638, 3019.31106, 52.846%
10, 1739.53988, 173208.05654, 5737.28715, 40.299%
11, 1739.53988, 468272.31377, 4815.92375, 52.586%
12, 1739.53988, 43434262.50029, 128824.64104, 45.600%
13, 1739.53988, 43298.31965, 3017.67477, 48.092%
14, 1739.53988, 1818950.00702, 9370.12095, 42.424%
15, 1619.03501, 48277.28832, 2763.32172, 44.444%
16, 1619.03501, 402465.42539, 4563.36126, 49.248%
17, 1563.36995, 3912449.60849, 18216.96320, 37.097%
18, 1563.36995, 143346.54846, 4529.22410, 27.731%
19, 1404.19924, 322719.97273, 5044.76673, 34.016%
20, 1404.19924, 95480.87371, 4256.43270, 35.338%
21, 1404.19924, 32574.42398, 2726.01563, 86.000%
22, 1404.19924, 34663.80687, 2649.27623, 87.903%
23, 1404.19924, 7276112.59031, 26445.41873, 77.500%
24, 1404.19924, 67382.19774, 2890.90515, 83.200%
25, 1404.19924, 75572.70500, 3383.06324, 86.400%
26, 1404.19924, 139283.81110, 3932.01526, 80.833%
27, 1404.19924, 330061.54103, 5054.26475, 84.167%
28, 1404.19924, 860922.01195, 8132.91830, 77.863%
29, 1404.19924, 314905.92535, 4873.35315, 86.207%
30, 1404.19924, 248177.24262, 3914.15502, 73.438%
31, 1404.19924, 56919.10338, 2979.88332, 76.860%
32, 1404.19924, 471432.02054, 4173.59405, 87.121%
33, 1404.19924, 517591.74609, 4654.12563, 80.000%
34, 1404.19924, 115816.38978, 2816.22742, 85.827%
35, 1404.19924, 379110.33490, 3928.52089, 80.488%
36, 1404.19924, 16915.94485, 2743.19870, 87.179%
37, 1404.19924, 647869.49415, 5237.80022, 80.159%
38, 1404.19924, 74556.47865, 2968.00962, 87.705%
39, 1404.19924, 171163.63728, 3447.60479, 77.165%
40, 1404.19924, 434446.26932, 4458.63741, 86.777%
41, 1404.19924, 44482.85703, 2887.22473, 83.607%
42, 1404.19924, 276372.82062, 4036.02241, 90.083%
43, 1404.19924, 145278.06807, 3022.47427, 88.034%
44, 1404.19924, 490696.05686, 4652.52022, 88.136%
45, 1404.19924, 122785.54726, 3297.98242, 83.871%
46, 1404.19924, 901477.87035, 5477.75843, 83.193%
47, 1404.19924, 7690950.24408, 24505.85113, 80.645%
48, 1404.19924, 51271.46189, 3056.78930, 82.812%
49, 1404.19924, 89175.64454, 3055.27292, 88.800%
50, 1404.19924, 136650.92127, 2987.71663, 79.545%
51, 1404.19924, 78931.76871, 3476.01726, 90.698%
52, 1404.19924, 64739.18507, 3320.30101, 84.483%
53, 1404.19924, 46259.68448, 3100.00792, 89.516%
54, 1404.19924, 54426.94718, 2606.24473, 83.206%
55, 1404.19924, 86997.09839, 3124.55482, 86.885%
56, 1404.19924, 58714.29696, 3033.47297, 85.849%
57, 1404.19924, 25641.32792, 2794.87632, 78.512%
58, 1404.19924, 44110.57247, 2566.11353, 85.366%
59, 1404.19924, 28341.98422, 2763.94452, 84.426%
60, 1404.19924, 2823927.14217, 11155.74290, 87.179%
61, 1404.19924, 115935.96407, 3491.12127, 77.966%
62, 1404.19924, 67522.39456, 3024.49922, 78.862%
63, 1404.19924, 1117307.09522, 5892.85983, 82.540%
64, 1404.19924, 96317.95255, 3266.38459, 80.153%
65, 1404.19924, 44989.47848, 2812.05926, 85.600%
66, 1404.19924, 120602.32860, 3627.17529, 83.621%
67, 1404.19924, 23796.71137, 2414.19415, 83.206%
68, 1404.19924, 396726.98173, 3848.99597, 86.777%
69, 1149.62775, 103534.95654, 3213.44839, 76.423%
70, 1149.62775, 443531.22146, 4133.15713, 73.077%
71, 1094.86411, 832268.85151, 7027.32369, 68.462%
72, 1041.19045, 203923.76287, 4793.98573, 52.521%
73, 1041.19045, 48169.01979, 3454.43280, 25.431%
74, 1041.19045, 582216.81103, 29694.74917, 17.917%
75, 1041.19045, 352906.11883, 11260.15467, 27.155%
76, 1037.37646, 125128.71736, 6085.36372, 35.366%
77, 1037.37646, 188433.73707, 5576.02947, 24.576%
78, 1037.37646, 329891.45505, 28978.49338, 21.667%
79, 1037.37646, 284161.96281, 4242.23444, 29.825%
80, 999.10198, 145045.59178, 3048.08726, 32.061%
81, 999.10198, 153492.70824, 4734.22948, 29.915%
82, 999.10198, 3960711.77943, 30233.71478, 28.926%
83, 999.10198, 145098.51057, 5853.83438, 27.823%
84, 999.10198, 171571.31578, 4108.05204, 29.839%
85, 999.10198, 2371014.93928, 10183.60285, 29.365%
86, 999.10198, 662481.08330, 9116.74617, 20.161%
87, 956.67710, 108717.67722, 4793.72020, 34.188%
88, 956.67710, 175457.04404, 14321.29951, 25.806%
89, 956.67710, 524380.52401, 5242.47622, 29.365%
90, 956.67710, 51073260.56445, 152074.83966, 38.739%
91, 956.67710, 247236.10766, 6371.09296, 32.031%
92, 956.67710, 314231.85013, 5519.96386, 39.831%
93, 956.67710, 91689.93913, 3529.13742, 40.164%
94, 956.67710, 129709.18292, 4314.09067, 39.669%
95, 956.67710, 10438590.80796, 64445.69001, 33.051%
96, 956.67710, 5747545.74324, 27678.35424, 33.333%
97, 956.67710, 105057.93536, 3982.66465, 34.375%
98, 956.67710, 484974.16324, 6766.01878, 35.652%
99, 956.67710, 100575.41176, 4211.68739, 37.302%
100, 956.67710, 19565562.56408, 60636.52273, 37.008%
