File: ../datasets/yacht_hydrodynamics.txt
N_vars: 6 N_gens: 100 Pop_size: 500 XP: 0.9 MP: 0.05 TS: 20 MAX_D: 6 MIN_D: 1
[GEN], [BEST_FIT], [WORST_FIT], [AVG_FIT], [% BETTER CHILDREN]
1, 2642.45938, 11916603756673.14258, 23851872548.16706, 0.000%
2, 2132.09130, 5445782078.74530, 12358802.26575, 31.466%
3, 1163.04955, 239528856.74008, 1514688.21367, 25.442%
4, 1163.04955, 1343311725.69493, 4214656.26610, 15.766%
5, 1163.04955, 226615067.80255, 769712.25338, 17.982%
6, 1105.87778, 13688835049.67840, 31923593.32918, 21.847%
7, 1105.87778, 707853738303.70667, 1417312207.50640, 22.500%
8, 1105.87778, 278589119.33707, 1033426.28646, 26.818%
9, 1096.66286, 5234233379.93402, 11789881.36494, 27.876%
10, 1096.66286, 237658150.14701, 1110318.68012, 29.362%
11, 1096.66286, 11514353540.94760, 24152640.69923, 29.348%
12, 1096.66286, 893722880.95252, 4191655.16789, 31.279%
13, 1096.66286, 63503511.36428, 197594.73369, 37.555%
14, 1096.66286, 238167899.41008, 835010.01816, 38.222%
15, 1096.66286, 48545739.82361, 284466.59674, 31.140%
16, 1096.66286, 50794129.52217, 158035.84943, 35.683%
17, 1096.66286, 1858930196.76382, 8912465.33804, 35.484%
18, 1096.66286, 460847963.81265, 943470.82176, 34.375%
19, 1096.66286, 4625989171.51296, 9564552.26191, 35.556%
20, 1096.66286, 57124302.54769, 308671.74456, 31.556%
21, 1096.66286, 215258047.35854, 729769.94313, 36.123%
22, 1096.66286, 528113352.49942, 2165557.03976, 36.000%
23, 1096.66286, 260972017.51406, 723578.94144, 40.175%
24, 1096.66286, 5004847430.76621, 10172773.57341, 36.842%
25, 1096.66286, 74867769.90724, 208118.82091, 35.965%
26, 1096.66286, 1903169342.42966, 6252785.02097, 36.818%
27, 1096.66286, 1930295215.54047, 4098427.79189, 33.621%
28, 1096.66286, 162642444.79417, 597543.25745, 41.256%
29, 1030.00143, 79137830.71435, 241759.10326, 38.117%
30, 1030.00143, 12580017.99691, 66598.99651, 39.091%
31, 1030.00143, 79484737.10574, 464317.65916, 28.837%
32, 987.87215, 1046129035.54868, 2221834.08402, 36.580%
33, 987.87215, 398372545.65120, 1913746.02181, 34.081%
34, 987.87215, 23585032651716.50000, 47263764065.27672, 27.706%
35, 987.87215, 159100683.62238, 615918.31332, 39.111%
36, 987.87215, 359293824.98335, 850257.82959, 40.000%
37, 987.87215, 87304258.57459, 238453.77081, 41.441%
38, 987.87215, 402790580.33695, 922548.67211, 42.174%
39, 987.87215, 57587099.30409, 189386.23048, 36.771%
40, 987.87215, 933254619.31618, 4410029.87776, 42.060%
41, 987.87215, 54298019.49829, 209036.23163, 36.957%
42, 968.26848, 79218878292.65099, 158620207.48629, 42.105%
43, 968.26848, 30361364.38459, 115271.69712, 40.393%
44, 968.26848, 9200468.74906, 42605.31370, 36.623%
45, 968.26848, 3906231453365.56006, 7815790845.84195, 26.126%
46, 960.52692, 21416466.35370, 189560.57651, 40.000%
47, 960.52692, 28768614210.64024, 57710352.18558, 35.333%
48, 960.52692, 3962639906.97400, 9372251.50213, 27.174%
49, 960.52692, 1126980989.30644, 2394151.93307, 37.277%
50, 960.52692, 738901752.38257, 2671223.70532, 39.130%
51, 960.52692, 30026116861.74208, 89298860.86971, 37.387%
52, 960.52692, 275603669.70518, 683510.09404, 33.921%
53, 960.52692, 2647643574.45378, 6446167.49908, 32.889%
54, 960.52692, 10989876.14760, 86540.77118, 42.358%
55, 960.52692, 2780832008502.29932, 5689859378.09733, 35.909%
56, 960.52692, 224658493.83221, 830995.26953, 34.498%
57, 960.52692, 98373543.35235, 502140.75890, 38.496%
58, 960.52692, 361765846.62099, 915082.97060, 40.465%
59, 960.52692, 2972767536.10773, 6385893.87526, 36.444%
60, 960.52692, 215863910587.79416, 431846290.06864, 37.168%
61, 960.52692, 11447050.27582, 36345.48100, 36.744%
62, 960.52692, 51774390.95735, 132572.34878, 38.462%
63, 960.52692, 107344537307.97710, 214992293.56515, 37.991%
64, 960.52692, 51975420.51622, 113427.43857, 44.872%
65, 960.52692, 252155325.68170, 868823.46505, 33.043%
66, 960.52692, 476898694.92504, 1242964.77858, 40.000%
67, 960.52692, 26155383042.78418, 52679267.33193, 43.182%
68, 960.52692, 26700064.97384, 192969.47809, 41.518%
69, 960.52692, 36055223.03437, 191999.11174, 31.556%
70, 960.52692, 43242864.44134, 177246.55709, 37.004%
71, 960.52692, 102139865.04733, 594658.77943, 40.000%
72, 960.52692, 1314637770.50843, 2657525.53032, 34.483%
73, 960.52692, 472723410.45562, 1047383.76335, 38.839%
74, 960.52692, 368678318.62660, 1164765.86833, 30.131%
75, 952.63043, 18718016739.24514, 37748911.14963, 40.088%
76, 952.63043, 3609748854.50147, 9088639.33571, 33.929%
77, 952.63043, 54377825.67139, 339089.81099, 33.632%
78, 952.63043, 2279617754.74996, 5970456.41802, 33.705%
79, 952.63043, 244076642.33653, 965527.28478, 41.071%
80, 952.63043, 25843209.29470, 171013.70254, 39.738%
81, 952.63043, 1700117579.26359, 3427769.69831, 37.719%
82, 952.63043, 219813964.49399, 805486.33895, 39.207%
83, 952.63043, 49445632.45841, 215349.35854, 34.052%
84, 952.63043, 29755574.99086, 191686.87926, 38.462%
85, 952.63043, 2215780733.76338, 4498612.35326, 39.908%
86, 952.63043, 52705638935.95102, 105457160.24147, 30.986%
87, 952.63043, 110828646.97061, 483680.17752, 34.101%
88, 952.63043, 310653779380.80536, 623850851.68458, 37.500%
89, 952.63043, 299053400.58016, 672014.42183, 40.000%
90, 952.63043, 313443929.55753, 682172.68551, 44.796%
91, 952.63043, 15088846.81413, 105170.28241, 32.258%
92, 944.54479, 1045269843.08638, 2370362.54862, 42.308%
93, 944.54479, 3498212777.09766, 7400034.27401, 34.716%
94, 944.54479, 20335135125.49893, 41479766.70214, 26.147%
95, 944.54479, 3786780844.80282, 10663675.64588, 25.785%
96, 944.54479, 5520652056.85847, 16651812.39174, 36.681%
97, 944.54479, 3071865556.97204, 9020979.72179, 36.607%
98, 944.54479, 7542468983.24490, 15354671.80389, 35.874%
99, 944.54479, 4853624601.98588, 9976819.74710, 37.788%
100, 944.54479, 10645656420.09982, 21568338.71491, 37.281%

Number of variables: 6
Tree:
DIV
L2: |---MUL
L2: |---|---VAR6
R3: |---|---DIV
L4: |---|---|---ADD
L5: |---|---|---|---VAR5
R2: |---|---|---|---VAR6
R2: |---|---|---0.772475099564
R1: |---SUB
L2: |---|---0.496852711122
R2: |---|---VAR6

Fitness: 944.544787119
Elapsed time: 414.412104 (s)